date	high.temp	avg.hi.temp	avg.lo.temp	low.temp	precip	snowfall	precip.days	snowfall.days
1876-01	20	6.1	-1.4	-11.1	23.9		11	
1876-02	13.3	3.8	-3.6	-15	122.2		14	
1876-03	18.9	5.6	-2.7	-12.8	223.3		13	
1876-04	20.6	12.9	4.1	-1.7	77.7		9	
1876-05	30.6	20.2	10.9	2.2	77		9	
1876-06	33.3	27.3	19.1	9.4	67.6		9	
1876-07	36.7	30.3	22.2	16.1	92.7		9	
1876-08	33.9	27.9	20.1	13.9	57.9		3	
1876-09	30.6	20.6	14.7	9.4	134.1		13	
1876-10	23.3	14.3	6.9	0	36.1		10	
1876-11	22.8	9.8	4.8	-7.2	84.1		13	
1876-12	9.4	-0.5	-7.2	-16.1	64.5		8	
1877-01	8.3	0.7	-5.5	-11.7	66.5		11	
1877-02	14.4	6.4	-0.7	-8.3	31.5		6	
1877-03	13.9	5.8	-1.3	-12.2	141.2		16	
1877-04	24.4	12.9	4.7	-1.1	69.3		8	
1877-05	31.1	19.8	10.7	2.8	24.1		11	
1877-06	31.7	25.4	16.9	11.1	71.1		10	
1877-07	33.3	27.7	20.3	14.4	145.5		11	
1877-08	32.2	27.9	20.5	17.8	70.4		10	
1877-09	29.4	23.7	15.5	8.9	33.8		5	
1877-10	24.4	17.1	9.3	3.3	206.8		12	
1877-11	20	10.3	3.2	-4.4	143		12	
1877-12	15	6.4	-0.4	-6.7	17.3		4	
1878-01	10.6	2.5	-4.8	-13.9	113.3		15	
1878-02	13.3	3.6	-3.3	-13.9	95.3		7	
1878-03	20.6	11.2	2.4	-10.6	83.1		13	
1878-04	24.4	15.6	8.5	5.6	50		9	
1878-05	28.9	19.4	11	4.4	81		9	
1878-06	31.7	24	15.6	9.4	78.2		9	
1878-07	34.4	29.5	21.5	17.2	117.3		9	
1878-08	32.2	26.9	20	15	202.4		12	
1878-09	32.2	23.6	16.6	7.2	102.9		7	
1878-10	26.7	18.8	10.9	3.9	61.7		7	
1878-11	15.6	9.7	3.7	-1.7	120.1		11	
1878-12	15.6	3.4	-2.1	-10.6	130.6		8	
1879-01	11.1	0.8	-7.4	-20	66.8		8	
1879-02	11.1	1.3	-5.8	-12.8	51.3		10	
1879-03	20.6	8.4	0.3	-7.8	86.6		14	
1879-04	24.4	13.8	5.2	-3.9	110		11	
1879-05	30	21.8	12.6	5.6	51.3		9	
1879-06	33.3	25.6	16.4	8.3	80		15	
1879-07	36.7	28.2	19.5	14.4	90.9		11	
1879-08	33.3	26	18.5	12.8	201.9		9	
1879-09	30.6	21	13.6	6.1	60.7		8	
1879-10	29.4	19.9	11.7	-1.7	10.9		8	
1879-11	24.4	9.7	2.4	-8.9	55.9		11	
1879-12	17.8	6.5	-1.1	-12.2	125.5		11	
1880-01	18.3	7.6	0.4	-8.3	51.3		11	
1880-02	20.6	7.1	-2.1	-13.9	53.8		12	
1880-03	22.2	6.2	-1.2	-10	118.4		16	
1880-04	26.7	14.4	5.1	-3.3	73.7		12	
1880-05	35.6	24.8	14.6	1.7	15.7		4	
1880-06	34.4	27	17.6	8.9	29		6	
1880-07	32.8	27.7	19.7	15	216.7		13	
1880-08	31.7	26.6	18.4	12.8	133.6		10	
1880-09	31.7	23.3	15.8	10	47		7	
1880-10	26.1	16.5	7.4	1.7	71.4		8	
1880-11	20	7.2	0.5	-10.6	62.5		10	
1880-12	9.4	-0.3	-6	-21.1	57.7		9	
1881-01	5	-0.5	-7.7	-17.2	121.9		10	
1881-02	11.7	2	-5.8	-19.4	125.2		11	
1881-03	12.2	5.6	-0.1	-5.6	147.6		12	
1881-04	27.2	12.9	3.4	-6.1	24.1		5	
1881-05	33.9	21.3	12.2	3.9	81.3		9	
1881-06	31.1	22.4	14.3	9.4	135.9		14	
1881-07	32.2	27.1	19.2	16.7	31.8		7	
1881-08	35.6	27.5	18.7	13.3	21.8		6	
1881-09	38.3	27.1	18.8	11.7	24.6		6	
1881-10	30.6	19.3	10.1	1.1	40.6		7	
1881-11	20	10.7	3.3	-5	59.9		12	
1881-12	19.4	7.3	0.5	-7.8	88.6		11	
1882-01	9.4	1.3	-5.4	-21.1	129		16	
1882-02	14.4	5	-1.9	-10.6	87.1		11	
1882-03	17.8	8.6	0.4	-7.8	64.3		12	
1882-04	22.8	12.5	4.6	-2.8	41.7		11	
1882-05	26.7	17.6	9.2	3.3	106.7		13	
1882-06	33.3	26.5	17.5	12.8	64		9	
1882-07	33.9	28	20.3	14.4	81.5		6	
1882-08	32.2	26.9	18.9	13.9	29		6	
1882-09	30.6	22.8	16.2	8.9	428		15	
1882-10	23.9	17.2	10.7	5.6	38.4		11	
1882-11	20.6	6.7	1	-6.7	31.5		7	
1882-12	10.6	2.3	-3.9	-12.2	49.5		8	
1883-01	7.2	-1.1	-7.3	-17.2	68.1		15	
1883-02	12.2	2.4	-4.5	-10.6	106.9		12	
1883-03	15.6	4.8	-4.3	-13.3	37.8		7	
1883-04	20	12.5	4.5	-3.9	94.2		11	
1883-05	27.8	20.6	11.5	5.6	71.9		9	
1883-06	32.8	27.1	19	13.3	84.3		10	
1883-07	35	27.4	19.6	14.4	81.5		13	
1883-08	31.7	25.2	16.9	12.8	46.2		5	
1883-09	26.1	20.7	12.4	6.1	82.6		11	
1883-10	26.7	14.7	7.5	1.7	115.1		12	
1883-11	20	9.9	3.2	-6.1	38.6		8	
1883-12	12.8	3.2	-3.6	-18.3	81.3		13	
1884-01	8.9	-0.7	-7.7	-15.6	132.6		13	
1884-02	13.3	4.5	-2.5	-15.6	125		17	
1884-03	17.2	6.1	-0.6	-15	117.3		14	
1884-04	20.6	12.8	5	0	66.8		9	
1884-05	30	19.8	11.6	5.6	95		12	
1884-06	32.8	26.1	16.6	9.4	126.5		5	
1884-07	32.2	25.7	18.9	16.1	120.4		13	
1884-08	32.8	26.4	20	13.9	200.7		12	
1884-09	32.8	26.1	18.1	11.1	5.3		3	
1884-10	27.8	18.2	10.2	0.6	95.3		12	
1884-11	16.1	10.3	3.1	-4.4	80.8		10	
1884-12	15	3.9	-2	-19.4	156.7		11	
1885-01	15.6	2.2	-5.4	-15	77.7		11	
1885-02	7.8	-1.6	-8.9	-18.9	115.8		10	
1885-03	14.4	2.6	-4.7	-13.9	22.9		8	
1885-04	27.2	13.7	5.1	-2.8	55.6		11	
1885-05	30.6	19.3	10.9	5.6	47.2		12	
1885-06	33.3	26	15.6	10.6	33.5		7	
1885-07	37.2	29.9	21.2	15	91.2		10	
1885-08	32.8	26	18.3	10	144		10	
1885-09	28.9	22	13.5	6.7	10.4		5	
1885-10	22.8	15.7	8.5	1.7	131.6		9	
1885-11	20.6	9.9	4	-3.9	105.9		10	
1885-12	15.6	5.3	-1.7	-9.4	62.5		8	
1886-01	12.2	-0.2	-6.5	-16.7	99.3		13	
1886-02	11.1	2.1	-6.2	-20	124.2		9	
1886-03	16.7	6.9	-0.4	-13.3	71.9		10	
1886-04	28.9	16.7	7.2	-1.1	97.8		7	
1886-05	30	20.2	11.4	6.7	137.2		14	
1886-06	28.9	24.9	15.8	11.1	85.1		9	
1886-07	34.4	28.7	19.4	15	69.9		13	
1886-08	32.2	25.9	16.5	11.7	24.1		6	
1886-09	30.6	23	14.5	7.2	29.7		8	
1886-10	25.6	16.9	8.8	0.6	78		8	
1886-11	21.7	10.8	3	-2.8	112.3		11	
1886-12	12.8	1.9	-4.4	-10.6	70.9		11	
1887-01	16.7	2.2	-6.3	-15.6	112.3		12	
1887-02	17.2	3.5	-3.6	-10.6	151.4		14	
1887-03	9.4	3.9	-3.8	-9.4	78		9	
1887-04	26.1	12.6	3.3	-4.4	70.9		10	
1887-05	30.6	23.1	12.9	7.2	8.6		4	
1887-06	32.8	25.9	16.4	11.1	197.1		11	
1887-07	35.6	30.3	22	17.8	134.4		16	
1887-08	31.7	25.3	17.3	10.6	91.2		6	
1887-09	29.4	20.3	12.8	4.4	49		11	
1887-10	25	15.3	7.4	-1.7	61.7		11	
1887-11	17.8	8.9	1.3	-8.3	51.3		8	
1887-12	14.4	4	-2.5	-11.7	111.5		12	
1888-01	12.2	-1	-8.7	-17.8	126		10	
1888-02	11.1	2.5	-5.5	-17.2	88.6		11	
1888-03	13.9	2.7	-5	-14.4	117.3		10	
1888-04	28.3	12.1	3.5	-2.2	73.4		9	
1888-05	28.9	18	11.1	4.4	142.7		20	
1888-06	35.6	27.3	16.5	10.6	66		8	
1888-07	31.7	26.3	17	12.2	38.9		10	
1888-08	34.4	27.1	18.3	11.7	194.6		10	
1888-09	26.7	20.6	13.8	4.4	207.3		14	
1888-10	18.9	12.7	5.7	0.6	110		14	
1888-11	22.2	10.9	3.8	-8.3	102.6		12	
1888-12	12.8	4.8	-1.8	-12.8	86.9		8	
1889-01	13.9	5.1	-1	-9.4	126.2		10	
1889-02	9.4	1.6	-6	-16.1	56.1		9	
1889-03	16.1	8	0.9	-3.9	67.1		11	
1889-04	25.6	14.6	6.5	1.1	138.9		11	
1889-05	32.8	22.5	12.9	5.6	73.4		10	
1889-06	32.8	25.9	17.1	11.1	60.7		8	
1889-07	31.7	27.3	19.3	14.4	302		15	
1889-08	30.6	25.6	17.6	12.8	108.5		10	
1889-09	27.8	21.7	15.3	7.8	175.8		15	
1889-10	22.8	13.4	6.2	0	66.3		13	
1889-11	17.2	10.1	3.9	-3.9	254		14	
1889-12	17.8	8.1	0.4	-10.6	48.8		10	
1890-01	17.8	7.1	-0.9	-9.4	58.2		9	
1890-02	20	7.5	-0.6	-8.9	86.6	25.4	10	1
1890-03	21.7	5.7	-2	-13.9	139.7	434.3	17	6
1890-04	26.1	14.6	4.7	-1.7	47	7.6	10	1
1890-05	27.2	20.7	11.4	5	87.6		15	
1890-06	32.2	26	17	12.2	118.6		9	
1890-07	36.7	27.3	18.6	12.8	114		10	
1890-08	32.8	26.3	19.4	11.1	111		15	
1890-09	31.1	23.5	15.9	7.2	117.6		10	
1890-10	23.9	15.5	9.9	2.8	166.6		13	
1890-11	20.6	10.2	3.3	-7.2	18		5	
1890-12	9.4	2.2	-4.6	-10.6	94	289.6	9	4
1891-01	12.2	4.1	-2.1	-8.3	155.4	228.6	14	3
1891-02	15	6.8	-1.1	-10	104.6	134.6	16	3
1891-03	14.4	5.9	-1	-12.8	91.7	53.3	11	1
1891-04	26.7	14.5	5.2	-1.7	60.5		6	
1891-05	27.8	19.1	10.3	0	62.2		8	
1891-06	36.1	27.5	17.2	12.2	37.6		8	
1891-07	32.2	26.6	19	15.6	100.1		14	
1891-08	36.7	28.1	20.8	15	114.6		13	
1891-09	32.8	26.3	18.3	12.2	63.2		6	
1891-10	30	16.7	8.9	1.7	66		8	
1891-11	17.8	10.5	3.2	-10	58.4		7	
1891-12	18.9	9.7	1.9	-10	90.2		8	
1892-01	15	3.4	-4.2	-12.8	119.1	309.9	11	6
1892-02	10	3.9	-2.3	-10	23.9	2.5	8	1
1892-03	13.3	4.9	-2.2	-8.3	88.6	304.8	8	3
1892-04	26.7	13.5	5.3	-0.6	51.3	25.4	8	1
1892-05	27.2	19.8	11	5.6	107.2		16	
1892-06	35	27.7	19.1	14.4	70.6		14	
1892-07	36.1	29.1	19.4	13.9	81.5		10	
1892-08	33.9	27.7	19.9	15.6	105.7		11	
1892-09	28.9	22.6	14	9.4	22.9		3	
1892-10	24.4	15.8	7.9	2.8	15		5	
1892-11	19.4	9.4	3.4	-3.9	181.4	160	12	2
1892-12	14.4	2.6	-2.4	-11.7	33	76.2	7	4
1893-01	11.1	-1.4	-8.3	-17.2	59.2	406.4	10	6
1893-02	12.2	2.7	-5.3	-15	156	444.5	15	7
1893-03	10	5.2	-1.4	-9.4	89.9	154.9	12	2
1893-04	22.2	12.2	4.5	1.7	131.8	12.7	10	1
1893-05	29.4	18.5	10.7	6.1	121.2		12	
1893-06	35	24.9	15.9	12.2	65.8		7	
1893-07	34.4	28.2	18.6	13.3	28.7		7	
1893-08	33.9	27.6	19.1	13.3	221.5		9	
1893-09	27.8	21.7	13.5	6.7	48.8		10	
1893-10	25.6	17.1	9.9	1.1	134.6		8	
1893-11	15.6	9.2	2.7	-3.3	90.2		9	
1893-12	15	5.2	-2	-10.6	78.2	134.6	13	5
1894-01	13.9	4	-2.1	-8.9	51.1	238.8	13	5
1894-02	10	1.6	-5.7	-17.2	99.8	520.7	12	5
1894-03	19.4	10.3	2.1	-6.7	34.3		11	
1894-04	23.9	13.8	5.8	-3.9	55.6	25.4	10	1
1894-05	29.4	20.4	12.2	7.8	94.7		14	
1894-06	33.9	26.2	17.1	8.9	24.9		7	
1894-07	35.6	28.4	19.7	13.3	56.1		11	
1894-08	30.6	25.9	17.4	11.7	29.7		6	
1894-09	33.9	24.2	17	6.1	220.5		8	
1894-10	21.1	16.4	9.8	3.9	136.4		8	
1894-11	18.3	8.1	2.2	-5	105.4	12.7	11	1
1894-12	13.9	5.8	-0.6	-13.3	118.1	101.6	12	1
1895-01	10.6	2.1	-4.8	-11.7	127.3	241.3	13	5
1895-02	7.8	-0.6	-7.8	-20	11.7	228.6	3	2
1895-03	14.4	6.2	-2	-9.4	57.4	101.6	12	2
1895-04	30	13.8	6.3	-0.6	84.1		10	
1895-05	35.6	22.6	12.6	3.9	51.3		8	
1895-06	35.6	27.7	18.8	12.2	62.7		9	
1895-07	35	26.9	18.8	13.9	115.3		12	
1895-08	33.3	28.8	20.3	11.1	105.7		10	
1895-09	36.1	26.5	17.6	8.3	15.7		6	
1895-10	21.1	15.4	7.2	2.8	106.9		6	
1895-11	22.2	12.4	5.3	-3.3	97.3		9	
1895-12	15.6	7.1	0	-10.6	63	7.6	8	1
1896-01	9.4	2.2	-4.4	-18.9	24.4	76.2	4	3
1896-02	13.9	3.7	-4.3	-20.6	173.5	241.3	11	7
1896-03	15.6	4.4	-3.6	-10	134.1	774.7	14	4
1896-04	32.2	16	7.3	-4.4	32.3	76.2	6	2
1896-05	33.3	24.2	14.9	7.2	63.8		10	
1896-06	33.3	25.4	17.2	11.1	145.3		11	
1896-07	33.9	28.9	21.1	15.6	188.2		11	
1896-08	36.7	28.7	20.8	13.9	38.9		11	
1896-09	31.7	23.7	15.7	7.8	120.4		9	
1896-10	22.2	15.1	9	2.2	44.2		9	
1896-11	22.2	13.4	6.7	-1.7	72.1	127	9	2
1896-12	13.9	4.5	-1.7	-12.8	28.7	330.2	6	2
1897-01	12.8	2.6	-4	-14.4	76.2	287	10	5
1897-02	10.6	3.6	-2.2	-7.2	64	279.4	9	3
1897-03	15.6	8.3	1.5	-7.2	60.7	134.6	11	2
1897-04	25	15	5.9	-4.4	67.8		10	
1897-05	27.2	20.7	12	4.4	146.6		13	
1897-06	31.7	23.9	15.5	9.4	74.9		11	
1897-07	33.9	28.5	21.4	17.8	242.8		15	
1897-08	31.7	26.7	19.3	16.1	95.8		13	
1897-09	33.9	23.9	15.1	7.2	46		5	
1897-10	30.6	17.7	9.9	3.9	18.3		6	
1897-11	20	10.8	4.4	-5	114.8	58.4	12	1
1897-12	17.2	6.8	0.6	-8.3	123.7	104.1	12	3
1898-01	13.3	5.1	-1.3	-12.2	108.2	228.6	15	6
1898-02	14.4	5.7	-1.1	-13.3	107.2	33	10	2
1898-03	20.6	11.4	4.4	-3.3	70.6	50.8	14	2
1898-04	23.3	12.3	5.4	-3.3	82.6	63.5	13	1
1898-05	30	18.2	11.9	4.4	170.7		17	
1898-06	34.4	26.5	17.7	12.2	31.8		8	
1898-07	37.8	29	20.9	13.9	112		10	
1898-08	33.9	28	20.8	15	88.1		12	
1898-09	33.9	25.7	17.5	11.1	43.2		7	
1898-10	27.2	18.5	12.1	5	153.7		11	
1898-11	18.9	10.6	4.8	-3.9	170.7	482.6	14	4
1898-12	13.9	4.4	-1.1	-10.6	78	38.1	9	2
1899-01	11.7	3.5	-4	-13.9	100.8	134.6	11	4
1899-02	11.7	1.1	-5.7	-21.1	99.3	642.6	14	5
1899-03	17.2	6.8	0.1	-7.2	146.6	121.9	14	5
1899-04	25.6	13.9	5.9	-2.2	44.2		4	
1899-05	31.1	21.5	12.7	8.9	27.7		7	
1899-06	35	28.5	18.9	13.9	57.4		8	
1899-07	35	29.2	20.9	15	113.5		11	
1899-08	34.4	28	20.8	15.6	86.6		9	
1899-09	30	22.7	15.2	7.2	155.4		11	
1899-10	26.1	18.1	11.9	3.3	54.1		7	
1899-11	17.8	11.3	4.7	-0.6	45.5		8	
1899-12	15	6.6	0.1	-12.8	48.5	2.5	9	1
1900-01	13.9	3.6	-4	-12.2	107.2	25.4	11	2
1900-02	13.9	3	-4.7	-15	136.7	167.6	10	3
1900-03	12.8	4.9	-3.2	-11.7	88.6	149.9	9	4
1900-04	23.3	14.4	6	-1.1	51.3		8	
1900-05	32.2	20.2	10.5	4.4	94.5		11	
1900-06	33.3	26.1	17.5	12.8	55.9		10	
1900-07	36.1	29.9	20.9	13.3	81.5		11	
1900-08	35.6	29.3	20.9	15	114.8		8	
1900-09	33.3	25.3	17.9	10	63.5		8	
1900-10	26.7	19.7	13.1	3.3	90.4		11	
1900-11	23.3	12.8	6.1	-1.1	110.7		11	
1900-12	15	5.6	-1.3	-10.6	51.1	2.5	6	1
1901-01	11.7	3.5	-2.9	-13.3	42.2	50.8	11	3
1901-02	5.6	-0.2	-6	-10	14	177.8	5	4
1901-03	11.7	7.2	-0.1	-11.1	138.9		14	
1901-04	26.7	12.3	5.9	2.2	168.1		12	
1901-05	29.4	18.2	10.7	6.7	163.3		16	
1901-06	35	26.9	16.6	11.7	25.4		5	
1901-07	37.8	29.7	21.9	16.1	194.1		16	
1901-08	33.3	27.6	20.7	17.2	166.4		9	
1901-09	31.1	24	16.4	8.3	61.5		12	
1901-10	23.9	17.2	9.6	3.3	59.7		4	
1901-11	15.6	6.7	1.7	-7.2	5.1	2.5	4	1
1901-12	15.6	5.1	-0.8	-8.3	178.1	38.1	15	2
1902-01	10.6	2.4	-4.1	-10.6	57.7	154.9	11	4
1902-02	12.2	1.4	-4.1	-10	136.9	401.3	9	5
1902-03	19.4	10.6	3.4	-5	122.9	165.1	13	1
1902-04	28.9	14.1	6.9	2.8	77		7	
1902-05	30	19.4	10.9	3.3	34.3		7	
1902-06	31.1	24	15.2	10	164.6		14	
1902-07	32.2	26.7	19.2	15.6	142		12	
1902-08	31.7	26.4	18.5	13.9	109.2		8	
1902-09	30.6	22.5	15.8	10	109.5		15	
1902-10	23.3	17.7	11.1	3.9	181.9		8	
1902-11	20.6	14.1	7.5	1.1	32.5		7	
1902-12	12.8	3.6	-3	-13.3	172	365.8	15	5
1903-01	10.6	2.6	-4.5	-12.2	106.2	114.3	10	2
1903-02	16.7	4	-2.3	-15.6	112.5	248.9	8	2
1903-03	21.1	12.9	4.9	-2.2	107.4		9	
1903-04	27.8	15.5	7.5	-1.7	87.4		9	
1903-05	31.7	22.2	13	2.8	7.6		4	
1903-06	27.2	20.9	15	11.1	248.4		18	
1903-07	35	28	19.9	13.9	99.6		10	
1903-08	31.7	24	17.6	12.2	170.9		15	
1903-09	31.1	23.4	15.7	8.3	93.2		6	
1903-10	24.4	17.8	11.3	2.2	338.1		10	
1903-11	21.1	9.2	2.2	-7.2	24.6		6	
1903-12	12.2	2.9	-3.5	-11.7	78.5	162.6	9	5
1904-01	12.2	-0.7	-7.3	-20	75.4	396.2	11	8
1904-02	11.7	0.5	-8.3	-16.7	56.1	127	9	2
1904-03	18.3	6	-1.3	-9.4	90.7	137.2	13	4
1904-04	22.2	12	4.4	-2.8	96.5		11	
1904-05	31.7	22.5	13.3	7.8	47.8		5	
1904-06	33.9	25.9	17.1	11.7	74.9		12	
1904-07	34.4	27.8	20.2	15	125.7		14	
1904-08	31.1	26.6	19.1	12.8	199.4		11	
1904-09	30	23.2	15.9	5	109.5		6	
1904-10	26.1	16.1	8.4	0	75.9		8	
1904-11	15.6	8.9	2.7	-5	55.9	12.7	9	1
1904-12	10.6	1.8	-3.9	-11.1	49.8	551.2	13	9
1905-01	11.7	1.6	-4.7	-15.6	70.4	442	10	6
1905-02	5	-0.4	-7.6	-14.4	51.1	147.3	6	3
1905-03	22.8	8.7	0.6	-10	88.6	45.7	13	1
1905-04	23.9	14.1	6.2	0.6	60.7		10	
1905-05	27.2	20.5	12.3	5	18.3		5	
1905-06	32.8	25.5	16.9	11.1	95.8		9	
1905-07	35.6	29	21.8	17.2	77.5		13	
1905-08	33.3	27.1	20.6	15.6	122.2		11	
1905-09	31.1	24.4	17.6	8.3	148.3		8	
1905-10	27.8	18.9	11.6	3.9	90.2		7	
1905-11	17.8	10.6	2.8	-6.7	42.4		5	
1905-12	15	6.8	0.8	-6.7	85.6	25.4	7	2
1906-01	16.7	6.4	0.7	-10	68.3	38.1	10	1
1906-02	14.4	4.3	-3.8	-13.3	62.7	152.4	5	1
1906-03	12.8	5.2	-1.5	-8.9	128	292.1	10	3
1906-04	25	15.5	7	0	149.9		9	
1906-05	32.2	21.9	12.7	6.7	140.5		14	
1906-06	34.4	27.5	19.3	12.2	32		9	
1906-07	33.3	28.9	22.1	15.6	115.3		10	
1906-08	34.4	28.3	22.2	18.3	36.3		9	
1906-09	32.2	25.4	17.5	10	63.2		7	
1906-10	23.3	17.2	11.1	4.4	106.4		10	
1906-11	18.3	11	4.7	-1.7	26.9	25.4	4	1
1906-12	15	5.3	-2.9	-11.1	90.9	7.6	12	1
1907-01	17.8	5.6	-2.3	-15.6	73.4	279.4	17	6
1907-02	8.3	0.4	-7.2	-14.4	57.2	553.7	7	4
1907-03	23.3	10	1.5	-7.8	78.2	337.8	13	4
1907-04	23.3	11.9	4.8	-2.2	96	147.3	12	2
1907-05	29.4	17.7	9.7	4.4	139.2		12	
1907-06	32.2	24.9	16.7	8.9	83.3		9	
1907-07	32.8	29.1	21.5	17.8	22.6		5	
1907-08	33.3	27	19.5	15	82.3		8	
1907-09	30	24.3	17.7	9.4	211.6		13	
1907-10	23.3	15	7.5	2.2	121.4		8	
1907-11	16.1	10.3	5.3	0.6	113.8		9	
1907-12	13.9	6.1	0.9	-5.6	108.2	134.6	7	4
1908-01	10	4.2	-3.1	-13.3	95.5	254	8	1
1908-02	11.1	1.1	-6.6	-17.2	148.8	365.8	10	5
1908-03	22.2	8.6	1.5	-7.2	60.5	88.9	12	2
1908-04	26.1	15.5	7.2	-2.2	57.7		10	
1908-05	31.1	21.4	14.1	6.7	216.2		11	
1908-06	34.4	26.9	18.6	12.8	32.3		3	
1908-07	35.6	30.1	23.2	17.2	96.5		7	
1908-08	34.4	27.2	21.5	12.8	152.7		10	
1908-09	27.2	23.2	17.7	11.1	48.5		3	
1908-10	26.7	19.2	12.7	4.4	35.1		7	
1908-11	16.7	10.9	5	-2.2	18	25.4	3	2
1908-12	17.8	6.1	-0.2	-4.4	81	73.7	10	3
1909-01	13.9	5.4	-2.2	-15	84.3	289.6	10	5
1909-02	13.3	6.7	-0.4	-13.3	115.1	20.3	10	1
1909-03	17.8	6.8	0.1	-5	90.7	109.2	9	2
1909-04	26.7	12.9	5.6	-4.4	155.7		13	
1909-05	28.3	19.9	12.8	5	37.3		8	
1909-06	33.9	25.9	18.9	12.8	76.7		10	
1909-07	33.9	27.3	19.2	13.9	55.1		5	
1909-08	33.3	26.3	18.7	13.9	215.9		8	
1909-09	27.8	23.1	16.2	10.6	67.3		7	
1909-10	25	16	9.4	2.8	16.8		8	
1909-11	22.8	12.9	6.8	-0.6	34.5	20.3	7	2
1909-12	11.7	2.8	-2.3	-14.4	109	228.6	6	3
1910-01	8.9	3.3	-3.6	-15	117.9	281.9	13	4
1910-02	13.3	1.9	-4.8	-17.2	80	127	9	1
1910-03	25.6	10.1	2.8	-3.9	25.9	33	6	1
1910-04	26.7	16.9	9.2	2.8	127		9	
1910-05	27.8	20	13.1	8.9	37.8		11	
1910-06	32.2	23.9	17.1	10	153.2		12	
1910-07	34.4	29.1	21.5	17.8	12.4		6	
1910-08	30	25.7	19.2	13.9	27.2		11	
1910-09	33.3	24.2	17.7	13.9	36.1		5	
1910-10	28.9	19	11.4	3.9	82		5	
1910-11	17.2	8.3	3.5	-1.7	109.2		9	
1910-12	12.2	2.1	-4.6	-11.7	47.8	167.6	9	4
1911-01	13.3	5.7	-0.8	-7.8	70.9	33	13	2
1911-02	10.6	2.8	-3.8	-10	82.8	337.8	11	6
1911-03	17.8	5.4	-2.4	-10.6	84.6	91.4	11	3
1911-04	25	12.5	5.1	-4.4	89.9	12.7	9	1
1911-05	30	22.1	14.1	2.8	31.8		10	
1911-06	31.1	24.7	17.7	14.4	144		15	
1911-07	37.8	30.1	20.7	15.6	54.9		10	
1911-08	34.4	27.7	18.3	12.8	235.7		12	
1911-09	30	24.2	15.5	7.8	43.2		8	
1911-10	22.8	16.7	9.9	3.3	194.3		11	
1911-11	20.6	9.3	2.2	-3.9	130	25.4	9	1
1911-12	17.2	7.4	0.9	-7.2	78	215.9	11	2
1912-01	12.2	-0.8	-8.4	-19.4	65	330.5	14	11
1912-02	15	2.1	-5.7	-18.3	69.3	63.8	6	1
1912-03	20	7.1	-1	-9.4	195.6	114.8	13	4
1912-04	26.1	14.9	5.5	-1.7	89.7	0.3	15	0
1912-05	31.7	21.8	11.8	7.2	137.2	0	12	0
1912-06	34.4	25.8	16.1	10.6	39.9	0	6	0
1912-07	36.1	28.9	19.6	15	65	0	10	0
1912-08	33.3	26.7	17.4	10.6	69.9	0	10	0
1912-09	32.8	23.2	15.2	3.9	105.2	0	12	0
1912-10	27.2	19.6	10.7	4.4	104.1	0	5	0
1912-11	22.2	12.3	5.2	-2.2	89.7	20.3	6	1
1912-12	17.8	7.3	0.9	-7.8	127.3	289.8	9	1
1913-01	17.2	9	0.8	-7.8	87.1	7.6	15	2
1913-02	16.7	4	-4.8	-11.7	69.6	66	9	4
1913-03	25	12.2	2	-11.1	164.3	5.3	16	1
1913-04	27.8	15.4	7.3	0.6	159.3	0.3	12	0
1913-05	31.7	20.7	11.1	2.2	74.9	0	11	0
1913-06	33.9	26.5	16.2	9.4	50.3	0	5	0
1913-07	35	29.5	19.5	14.4	153.9	0	9	0
1913-08	35	27.4	18.5	15.6	60.5	0	11	0
1913-09	30	22.2	14	7.2	177.8	0	11	0
1913-10	25	18.1	11.4	1.1	329.4	0	12	0
1913-11	22.2	12.3	4.7	-1.1	54.9	0.3	8	0
1913-12	14.4	7.3	0.2	-7.2	91.2	7.6	9	1
1914-01	14.4	3.4	-4	-20.6	133.9	34	11	3
1914-02	11.7	0.4	-7.7	-19.4	72.6	442.7	9	8
1914-03	22.8	6.3	-1.3	-9.4	120.4	547.1	9	6
1914-04	27.8	13	4.6	-2.8	84.8	0	12	0
1914-05	35	23.6	12.5	4.4	59.7	0	9	0
1914-06	33.3	25	15.7	9.4	51.8	0	11	0
1914-07	32.8	26.4	18.1	13.3	138.9	0	14	0
1914-08	34.4	28.2	19.2	15.6	64.5	0	11	0
1914-09	35	25	13.7	5.6	7.4	0	3	0
1914-10	28.3	19.3	11.2	0.6	56.6	0	5	0
1914-11	24.4	11	2.8	-5.6	84.1	0	7	0
1914-12	17.8	3	-3.5	-16.1	133.1	66.5	10	8
1915-01	14.4	4.6	-1.8	-11.1	201.7	96.5	17	8
1915-02	14.4	5.6	-1.3	-10.6	152.7	114.6	10	3
1915-03	15	7.1	-1.8	-7.2	31.8	196.1	3	2
1915-04	33.3	17.6	7.3	-1.7	65.5	259.1	11	2
1915-05	26.1	19.5	10.4	6.1	83.1	0	14	0
1915-06	32.2	24.7	15.2	8.3	97.8	0	11	0
1915-07	33.9	27.8	18.7	15	76.5	0	16	0
1915-08	31.7	26.1	17.7	12.8	182.9	0	15	0
1915-09	34.4	25.8	16.3	7.2	60.5	0	7	0
1915-10	26.1	18.3	10.2	2.8	57.4	0	10	0
1915-11	21.7	11.7	4.2	-0.6	41.7	0.5	8	0
1915-12	13.9	3.9	-2.4	-10.6	108.7	207	9	4
1916-01	20.6	6.4	-2	-13.9	32.5	18	12	2
1916-02	15.6	1.4	-6	-16.7	120.9	333.2	13	9
1916-03	18.3	4	-3.6	-13.9	94	649.2	15	11
1916-04	21.1	12.7	5.5	0	83.3	83.8	15	2
1916-05	27.2	20.8	11.8	6.7	110.5	0	13	0
1916-06	28.9	22.9	14.6	10.6	115.8	0	10	0
1916-07	34.4	28.2	20	15.6	115.6	0	14	0
1916-08	35	28.5	19.1	13.3	13.7	0	9	0
1916-09	33.9	24.6	14.7	6.7	87.6	0	10	0
1916-10	30	19.1	9.4	4.4	26.4	0	3	0
1916-11	21.7	11.4	3.5	-3.9	54.4	0.5	6	0
1916-12	17.2	3.9	-1.7	-8.3	108	369.1	12	6
1917-01	10.6	4.2	-3.3	-13.3	75.2	147.8	15	6
1917-02	12.8	2.2	-6.3	-17.8	52.8	310.9	13	5
1917-03	16.7	7.5	0.5	-6.7	113.3	297.7	12	5
1917-04	28.3	13.6	4.6	-2.2	68.8	165.1	13	2
1917-05	28.9	16.5	8.3	3.3	97.3	0	14	0
1917-06	31.7	25.9	16.7	12.8	97.3	0	10	0
1917-07	37.8	28.4	20.4	15	127.3	0	12	0
1917-08	36.7	28.7	20.3	14.4	39.6	0	7	0
1917-09	28.9	22	13.1	6.1	68.1	0	5	0
1917-10	22.8	15.8	7.5	0	173	0	10	0
1917-11	17.2	9.2	1.4	-7.2	21.8	8.1	5	1
1917-12	8.3	0.2	-7.6	-25	108	358.6	9	7
1918-01	11.7	-2.4	-9.1	-20	89.7	336.8	11	8
1918-02	15	3.8	-5.6	-21.1	62.7	94.5	10	3
1918-03	24.4	10.9	0.3	-8.3	42.4	15.2	11	2
1918-04	25.6	15	5.9	0	118.1	66	13	3
1918-05	32.8	23.6	13.4	6.1	122.7	0	13	0
1918-06	34.4	24.4	15.4	9.4	117.1	0	8	0
1918-07	36.7	28.2	19.1	13.9	110.7	0	9	0
1918-08	40	29.2	20.2	15	61.7	0	9	0
1918-09	27.2	21.9	13.4	7.8	74.2	0	8	0
1918-10	25.6	19.5	10.4	5	19.8	0	7	0
1918-11	18.9	11.4	4.9	-1.1	61.2	0	8	0
1918-12	17.2	7.7	0.7	-5.6	91.7	7.9	9	1
1919-01	16.1	5.5	-1.5	-12.2	89.2	8.9	7	1
1919-02	11.1	4.9	-1.7	-8.3	97.5	13	11	2
1919-03	19.4	10.6	1.9	-4.4	151.4	68.6	14	2
1919-04	22.8	14.4	5.6	-5.6	73.2	1	10	0
1919-05	33.3	21.4	11.9	6.1	105.4	0	10	0
1919-06	35	26.5	16.7	11.1	97.5	0	6	0
1919-07	37.2	28.1	19.9	15.6	215.9	0	16	0
1919-08	32.8	25.8	17.7	13.9	150.1	0	13	0
1919-09	33.9	24	15.5	9.4	124	0	10	0
1919-10	30.6	19.2	11.1	3.9	91.2	0	15	0
1919-11	22.2	11.1	3.5	-2.2	90.2	0.3	13	0
1919-12	16.1	2.6	-4.6	-18.3	70.4	224	14	6
1920-01	10.6	-0.7	-8.8	-18.3	53.1	209.6	14	7
1920-02	8.3	1.8	-5.7	-18.9	162.8	643.4	14	11
1920-03	21.7	9.5	-0.7	-10.6	120.7	134.6	10	5
1920-04	24.4	13.9	3.9	-2.2	134.1	0.8	14	0
1920-05	27.8	20.3	9.4	3.9	82	0	11	0
1920-06	34.4	26.1	15.2	10	127.5	0	12	0
1920-07	32.8	28.4	18	12.8	157.5	0	13	0
1920-08	32.8	28	18.9	13.9	99.3	0	14	0
1920-09	31.1	25.5	15.1	7.2	120.9	0	10	0
1920-10	28.9	21.4	10.9	2.8	31.8	0	6	0
1920-11	20.6	10.3	3.4	-3.9	105.2	0.3	10	0
1920-12	14.4	6.2	-0.4	-8.9	156.5	43.4	12	2
1921-01	13.9	4.9	-3.5	-15.6	69.6	89.7	10	3
1921-02	16.7	4.8	-2.6	-12.2	137.4	338.3	11	3
1921-03	28.9	14.2	4	-3.3	73.2	0	13	0
1921-04	26.1	18.9	7.9	-1.7	80.5	2.5	11	1
1921-05	31.7	21.8	10.7	6.1	105.2	0	12	0
1921-06	35	27.3	16.2	11.7	70.9	0	11	0
1921-07	35	29.9	20.4	16.7	51.3	0	12	0
1921-08	35	26.9	17.1	12.8	116.1	0	8	0
1921-09	35.6	27.1	17.5	13.3	71.4	0	10	0
1921-10	25	18.3	8.6	1.7	22.4	0	6	0
1921-11	22.8	10.5	3.7	-1.1	96.8	0.3	15	0
1921-12	15	4	-3.6	-13.9	59.4	186.7	8	4
1922-01	10	1.3	-5.6	-13.9	69.3	239.8	9	4
1922-02	17.8	5	-3.2	-18.9	85.1	182.9	13	4
1922-03	24.4	9.3	0.7	-8.3	140.2	99.6	13	2
1922-04	30	16	5.7	0	51.3	0	8	0
1922-05	29.4	24	12.2	6.7	95.5	0	9	0
1922-06	32.8	26.6	17.5	11.1	174.8	0	18	0
1922-07	33.3	27.8	18.5	15.6	190.2	0	13	0
1922-08	34.4	27	17.9	11.7	72.6	0	14	0
1922-09	33.9	24.9	15.3	6.7	86.9	0	4	0
1922-10	31.7	19.4	9.6	0.6	37.6	0	7	0
1922-11	19.4	11.3	3.9	-2.2	32.8	25.7	6	1
1922-12	13.9	4.1	-2.5	-11.1	98	203.7	13	5
1923-01	11.7	2.4	-4.7	-12.8	177.5	623.3	15	8
1923-02	6.7	0.3	-6.6	-13.9	64.3	479	13	9
1923-03	24.4	7.4	-2.1	-12.2	105.7	206	10	4
1923-04	30.6	15.5	4.8	-11.1	60.2	0	8	0
1923-05	30	21.1	9.9	2.8	46.7	0	6	0
1923-06	36.7	28.7	17.2	11.7	76.5	0	8	0
1923-07	37.2	28.3	18.1	15	70.4	0	13	0
1923-08	33.3	27.8	17.3	10.6	31.2	0	7	0
1923-09	30	24.7	15.6	8.9	67.3	0	8	0
1923-10	23.3	18	8.7	3.9	137.2	0	10	0
1923-11	18.3	11	3.7	-1.7	81	0	7	0
1923-12	17.8	8.6	2.6	-5	112.5	38.6	13	3
1924-01	13.9	4.7	-4	-15	124.5	64.5	6	2
1924-02	7.8	1.6	-5.1	-12.2	110.5	303.5	10	9
1924-03	18.9	7.8	0.1	-4.4	52.8	79.8	8	3
1924-04	22.8	14	5	-2.8	153.7	216.2	10	1
1924-05	23.9	18.2	9.8	6.7	161	0	15	0
1924-06	32.8	24.9	14.9	10.6	70.6	0	11	0
1924-07	35	28.6	18.2	13.9	22.6	0	7	0
1924-08	37.2	28.5	18.5	12.8	148.3	0	9	0
1924-09	35	22.7	13	7.8	90.9	0	8	0
1924-10	27.2	19.1	8.7	1.1	7.1	0	1	0
1924-11	21.7	10.7	3	-7.2	54.9	0.8	4	0
1924-12	16.1	4.8	-2.6	-11.7	62.7	24.1	8	3
1925-01	7.2	1.6	-5.6	-18.9	137.7	696.7	11	8
1925-02	16.7	7.1	-0.6	-11.1	61.7	33	7	1
1925-03	21.7	11.4	2.1	-11.7	103.4	0.5	11	0
1925-04	28.9	15.9	6.1	0	50.8	0.3	9	0
1925-05	32.8	20.6	10	5	85.3	0	8	0
1925-06	37.2	28.9	18.1	12.2	91.4	0	11	0
1925-07	34.4	27.9	18.3	13.3	146.6	0	14	0
1925-08	33.3	28.1	17.8	12.2	43.7	0	5	0
1925-09	31.1	25	15.8	7.8	58.7	0	9	0
1925-10	25	14.3	6.3	-1.7	114.8	20.6	11	1
1925-11	19.4	10.2	3	-3.9	74.4	2.5	10	1
1925-12	14.4	4.8	-1.7	-13.3	83.8	23.9	12	2
1926-01	12.2	3.5	-3.5	-15	72.4	79.8	9	2
1926-02	10.6	2	-5.2	-13.3	136.4	668.5	12	10
1926-03	19.4	6.4	-2.5	-10.6	67.6	31.2	8	3
1926-04	27.8	13.1	4	-2.8	43.9	0.8	8	0
1926-05	28.3	20.9	10.3	4.4	61.5	0	10	0
1926-06	31.7	24.5	14.1	8.9	43.4	0	10	0
1926-07	37.8	29.1	18.7	13.3	162.1	0	12	0
1926-08	35.6	27.4	19.2	13.9	184.9	0	13	0
1926-09	31.7	22.9	14.5	10	121.4	0	8	0
1926-10	27.8	17.3	8.3	2.2	123.7	0	10	0
1926-11	18.9	11.1	3.2	-4.4	96	0.3	9	0
1926-12	9.4	1.9	-5.4	-13.3	99.3	297.7	14	11
1927-01	11.1	3.2	-4.4	-18.3	51.6	145.5	14	3
1927-02	13.3	5.5	-0.6	-5.6	87.9	117.6	11	6
1927-03	20.6	10.5	1.7	-7.8	33.8	5.3	11	1
1927-04	32.2	13.9	4.5	0.6	72.4	2.5	9	1
1927-05	26.1	19.3	10.7	6.7	121.2	0	15	0
1927-06	31.7	24.6	14.6	10	94	0	8	0
1927-07	33.3	27.6	19	12.2	164.6	0	14	0
1927-08	28.3	24.3	16.2	12.2	249.7	0	11	0
1927-09	33.3	24.8	15	10	108.5	0	4	0
1927-10	32.2	19.6	11	6.1	228.6	0	10	0
1927-11	22.8	13.2	5.9	-2.8	110	0.3	11	0
1927-12	20	6.3	-1.1	-9.4	101.9	53.8	12	1
1928-01	14.4	5	-2.9	-11.1	47.5	69.3	9	3
1928-02	12.8	4.5	-3.4	-13.9	122.9	102.1	11	2
1928-03	20.6	7.7	-0.2	-7.8	71.9	145.5	10	2
1928-04	26.7	14	4.4	-1.7	122.7	0.3	12	0
1928-05	26.1	19.8	10.6	5	52.6	0	10	0
1928-06	30	23.8	15.6	12.2	178.8	0	14	0
1928-07	34.4	29	19.8	15.6	225.8	0	14	0
1928-08	34.4	28.1	20.1	15.6	116.1	0	13	0
1928-09	29.4	22	14.3	6.1	92.7	0	8	0
1928-10	30	19.4	10.4	0	39.9	0.3	6	0
1928-11	22.8	11.8	5.2	-5.6	62.5	0.5	10	0
1928-12	15.6	7.2	0.9	-7.2	20.3	51.1	6	1
1929-01	16.7	3.8	-3.9	-13.3	84.6	58.7	11	7
1929-02	13.3	4.1	-3.1	-9.4	128.8	237.2	7	3
1929-03	25	12.1	2.4	-11.1	107.4	5.3	14	1
1929-04	31.7	14.6	6.4	1.1	148.6	0.3	15	0
1929-05	33.9	21.7	11.3	5.6	101.9	0	15	0
1929-06	35	27.1	16.9	7.2	48.3	0	7	0
1929-07	35	29.5	19.2	12.8	30.7	0	7	0
1929-08	33.3	27.8	17.9	13.9	37.3	0	8	0
1929-09	37.2	25.5	16	6.7	79.2	0	9	0
1929-10	23.3	16.7	8.3	1.7	117.6	0.3	7	0
1929-11	24.4	10.9	4.8	-11.1	56.4	0.3	11	0
1929-12	13.3	5.3	-1.2	-10.6	74.7	160.3	9	4
1930-01	17.8	4.5	-2.7	-12.2	60.2	89.9	9	4
1930-02	23.9	7.2	-1.6	-13.9	82.3	97.8	10	4
1930-03	17.2	8.7	0.4	-7.8	56.6	0.5	8	0
1930-04	24.4	13.3	4.9	-0.6	58.4	0.5	11	0
1930-05	32.8	23.1	12.3	7.2	87.1	0	10	0
1930-06	34.4	27.8	18.3	10	74.2	0	9	0
1930-07	38.9	29.5	19.8	13.9	167.9	0	9	0
1930-08	35.6	27.6	18.5	12.8	109.7	0	8	0
1930-09	31.1	26.6	17.9	11.1	37.3	0	11	0
1930-10	25.6	17.4	8.8	2.2	43.4	0	8	0
1930-11	18.9	10.8	4.1	-9.4	142.7	0.3	10	0
1930-12	14.4	4.1	-1.1	-12.2	69.3	145.3	11	4
1931-01	13.3	4	-3.2	-11.7	65	13.5	6	2
1931-02	13.3	5.2	-3.1	-11.1	68.8	91.9	9	5
1931-03	14.4	7.8	1.5	-1.7	122.7	46.5	13	4
1931-04	21.7	15.1	6.1	1.7	96.3	0.3	11	0
1931-05	33.9	21.1	11.5	4.4	111.3	0	14	0
1931-06	36.1	26.6	16.7	12.8	95.5	0	10	0
1931-07	36.1	29.6	20.9	17.8	86.1	0	14	0
1931-08	37.2	28.3	19.7	16.1	82.3	0	13	0
1931-09	37.2	27.4	17.4	9.4	39.9	0	8	0
1931-10	30	21.1	11.4	5.6	71.1	0	9	0
1931-11	22.8	14.5	7.6	-1.1	15.2	50.8	7	1
1931-12	20	8.9	1	-6.7	62	2.8	9	1
1932-01	21.1	9.3	3.2	-4.4	113	20.6	14	2
1932-02	14.4	6	-1.5	-7.8	68.6	46.5	11	3
1932-03	17.2	7	-1	-9.4	147.8	16.3	9	2
1932-04	25.6	14.2	4.7	0	59.4	0.5	7	0
1932-05	32.2	21.6	11.8	5.6	74.9	0	9	0
1932-06	33.3	26.5	16.2	8.3	110.7	0	7	0
1932-07	33.3	29.6	19.3	15	36.1	0	7	0
1932-08	32.8	29.6	20	16.7	81.3	0	6	0
1932-09	35.6	26	15.8	5.6	31	0	8	0
1932-10	26.1	18.6	10.8	4.4	141.7	0	8	0
1932-11	16.7	10.4	2.9	-11.1	187.5	0	11	0
1932-12	17.2	7.1	0.6	-11.7	63	238.8	13	4
1933-01	16.1	8.1	1.1	-10.6	45.2	1	7	0
1933-02	15.6	5.2	-2.9	-11.7	78.5	325.6	10	4
1933-03	15	6.9	0.1	-8.9	154.4	122.9	15	4
1933-04	25.6	14.4	6.1	0.6	131.6	0	12	0
1933-05	32.2	22.7	13.3	7.8	132.1	0	13	0
1933-06	36.1	27.6	17.3	8.9	67.8	0	11	0
1933-07	38.9	29.1	19.5	12.2	94.5	0	8	0
1933-08	37.8	27.8	19.8	15.6	224.8	0	17	0
1933-09	32.2	24.9	16.8	11.1	256.3	0	14	0
1933-10	25.6	18.2	8.6	0	64	0	6	0
1933-11	20.6	9.1	1.8	-8.3	19.3	13.7	6	3
1933-12	12.8	4.3	-3.6	-21.1	87.6	378.7	12	6
1934-01	14.4	4.9	-2	-14.4	86.9	3	9	1
1934-02	5.6	-2.1	-11.4	-26.1	76.5	709.7	8	6
1934-03	21.7	7.7	-1.8	-10.6	113.5	218.7	14	4
1934-04	25	14.7	5.6	1.1	87.6	0	16	0
1934-05	32.2	22.9	12.2	7.8	131.8	0	13	0
1934-06	38.3	28.1	18.3	13.3	93.5	0	9	0
1934-07	36.7	30.2	20.6	16.7	107.7	0	8	0
1934-08	31.7	26.6	17.8	11.1	70.4	0	9	0
1934-09	30.6	24.6	16.8	10.6	303.8	0	12	0
1934-10	25	16.6	8.4	2.2	71.6	0.3	8	0
1934-11	23.3	12.8	5.9	-3.3	54.9	0.5	12	0
1934-12	17.8	4.4	-2.9	-11.7	67.6	26.9	8	1
1935-01	14.4	2.3	-5.8	-18.3	99.3	599.9	11	8
1935-02	15	3.5	-4.4	-15.6	80.5	183.9	9	6
1935-03	25	11.1	1.5	-7.8	63	51.3	9	3
1935-04	28.3	14.3	5.7	0	38.6	0.3	12	0
1935-05	31.7	20.7	10.3	6.1	26.7	0	8	0
1935-06	31.7	26.1	16.2	12.8	101.1	0	12	0
1935-07	35	29.6	20.7	16.7	133.1	0	11	0
1935-08	33.9	28.2	19.2	12.8	36.1	0	8	0
1935-09	27.8	23.1	13.9	6.1	110.2	0	7	0
1935-10	25	19	9.3	3.3	56.6	0	9	0
1935-11	22.8	12.4	6.1	-4.4	82.8	68.6	13	2
1935-12	13.3	1.7	-4	-13.3	31.5	168.9	13	7
1936-01	12.2	1.8	-4.9	-19.4	175.3	309.1	11	6
1936-02	11.1	0.2	-7.2	-17.2	68.1	261.6	12	8
1936-03	21.1	11.5	3.1	-8.3	138.4	38.1	17	3
1936-04	27.2	12.9	4.7	-1.1	83.8	0	14	0
1936-05	33.3	23.8	12.2	6.7	75.4	0	7	0
1936-06	32.2	25.4	16.5	12.2	117.3	0	11	0
1936-07	41.1	30	19.1	15.6	48	0	6	0
1936-08	35.6	29.1	19.2	15	91.2	0	12	0
1936-09	32.8	24.4	15.8	7.8	122.4	0	8	0
1936-10	25	18.3	10.1	-2.2	99.1	0.3	9	0
1936-11	23.9	10.1	1.7	-8.3	29	82.6	8	1
1936-12	17.2	7.7	-0.4	-10.6	191.3	0.3	13	0
1937-01	18.9	8.3	0.9	-3.9	144	165.6	13	4
1937-02	13.9	5.4	-2.3	-10	63	87.1	7	2
1937-03	16.1	6	-1	-7.2	73.7	64	13	6
1937-04	22.2	13.9	5.6	1.1	129.3	0.3	12	0
1937-05	33.9	23.4	12.3	7.2	73.9	0	8	0
1937-06	33.9	27	17.2	13.3	110.7	0	14	0
1937-07	37.8	29.6	19.9	14.4	140.7	0	8	0
1937-08	35	29.3	20.3	13.9	185.9	0	16	0
1937-09	33.9	23.8	14	7.2	128.3	0	6	0
1937-10	26.1	16.9	8.8	1.1	115.8	0.3	10	0
1937-11	19.4	11.6	4.4	-2.2	120.1	20.3	9	1
1937-12	17.2	4.9	-1.1	-7.8	52.3	19.1	7	3
1938-01	13.9	3.5	-3.4	-14.4	101.3	166.4	15	7
1938-02	15.6	5.9	-2.2	-11.1	50	1	12	0
1938-03	25	11.3	2.2	-12.8	56.4	18.5	13	3
1938-04	31.7	16.7	7.3	-2.2	85.9	163.1	9	2
1938-05	27.2	20.8	11.2	5	85.3	0	11	0
1938-06	32.2	26	16.5	8.3	181.1	0	15	0
1938-07	33.9	28.8	20.6	13.9	147.8	0	15	0
1938-08	35.6	30.5	20.8	16.7	99.6	0	8	0
1938-09	30	23.1	14.6	10.6	230.1	0	12	0
1938-10	32.2	20.6	11.1	5.6	42.7	0	4	0
1938-11	25.6	13	5.1	-8.9	83.1	325.1	10	4
1938-12	16.1	5.9	-0.4	-7.2	66.5	43.4	15	3
1939-01	12.8	3.2	-3	-14.4	96.5	262.4	12	5
1939-02	20.6	7.2	-1.6	-10	157.5	140	10	5
1939-03	22.8	8.1	-0.1	-8.9	121.4	178.3	12	4
1939-04	30	13	5.1	-1.1	108.2	0.3	15	0
1939-05	35.6	23.6	13	6.1	22.6	0	5	0
1939-06	34.4	27.7	17.8	13.3	96.5	0	11	0
1939-07	34.4	29.5	20.1	15	25.1	0	5	0
1939-08	34.4	29.7	21.5	16.7	122.7	0	14	0
1939-09	31.1	25	15.7	8.9	48.3	0	7	0
1939-10	32.8	18.7	9.4	1.7	109.5	0	10	0
1939-11	19.4	10.2	2.8	-1.7	35.6	0.8	1	0
1939-12	16.1	6	-0.6	-10.6	35.3	80.3	7	2
1940-01	12.2	-0.6	-7.3	-13.9	66.3	90.2	8	5
1940-02	12.2	3.8	-2.9	-9.4	66.8	306.6	10	4
1940-03	17.2	5	-1.5	-8.9	120.1	135.4	14	3
1940-04	19.4	12.2	4.3	-3.3	138.7	46	10	2
1940-05	28.3	20	11.8	6.7	193.3	0	16	0
1940-06	34.4	26.2	16.5	11.1	76.5	0	12	0
1940-07	36.7	29.8	19.3	13.9	83.8	0	9	0
1940-08	32.2	26.1	17.6	11.1	104.9	0	12	0
1940-09	33.3	24.3	14.2	5.6	71.6	0	5	0
1940-10	26.7	16.7	7.5	-1.1	61.7	0.5	7	0
1940-11	21.7	10.7	4.1	-3.9	90.2	57.2	12	2
1940-12	16.7	7.2	-0.1	-11.7	70.9	77	9	1
1941-01	8.3	2	-4.9	-12.2	82	235.2	11	5
1941-02	9.4	3	-4	-10	89.7	138.4	5	2
1941-03	14.4	6.5	-2.2	-9.4	77.5	488.4	11	6
1941-04	30.6	19.2	8.4	2.2	61	0	7	0
1941-05	35.6	24.1	12.2	3.9	57.2	0	9	0
1941-06	35.6	27.1	17.2	12.2	121.2	0	8	0
1941-07	36.7	28.8	19.9	16.7	103.4	0	13	0
1941-08	36.1	28.8	17.9	12.8	150.4	0	8	0
1941-09	33.9	26.9	15.3	7.8	13	0	1	0
1941-10	34.4	20.6	11.3	2.8	47.5	0	8	0
1941-11	22.2	14	6	-0.6	86.1	0	6	0
1941-12	16.7	7	0	-10	102.9	8.1	7	1
1942-01	13.9	3.1	-4.5	-15	73.2	162.8	10	5
1942-02	11.1	2.5	-5.1	-14.4	64.3	49.5	8	4
1942-03	20.6	9.7	2.5	0.6	150.1	13.2	15	2
1942-04	32.8	17.6	6.7	0.6	27.7	56.1	4	2
1942-05	33.3	23.2	13.8	8.3	45.2	0	8	0
1942-06	31.7	26.4	17	11.1	91.2	0	15	0
1942-07	36.1	29.5	19.7	15	181.6	0	12	0
1942-08	33.9	27.4	18.8	12.2	230.6	0	10	0
1942-09	33.9	25.1	15.2	5.6	107.4	0	9	0
1942-10	28.9	19.1	10.7	3.3	50.3	0	8	0
1942-11	23.3	12.2	4.4	-3.3	94.5	0.3	12	0
1942-12	14.4	3.3	-4.4	-20	116.1	216.2	14	8
1943-01	13.3	2.9	-4.3	-12.2	62.5	242.8	12	5
1943-02	17.2	5.6	-2.8	-22.2	47.5	112	11	5
1943-03	22.2	9.2	-0.1	-13.9	93.5	181.4	10	3
1943-04	25.6	12.7	2.9	-4.4	43.7	1.3	12	0
1943-05	31.7	21.9	12.1	5	118.1	0	14	0
1943-06	37.2	29.2	19.8	13.3	55.1	0	7	0
1943-07	33.9	29.7	20.1	11.1	85.9	0	11	0
1943-08	34.4	29.6	19.2	13.3	96.5	0	7	0
1943-09	32.8	24.6	14.7	7.8	43.4	0	7	0
1943-10	28.3	17.4	9	4.4	193	0	12	0
1943-11	18.9	11.4	3.4	-3.3	53.6	0.8	8	0
1943-12	13.9	4.8	-3.6	-12.2	30.5	0.5	2	0
1944-01	16.7	4.4	-2.3	-11.1	81.3	121.9	9	4
1944-02	15.6	4.5	-3.2	-10.6	43.9	196.9	9	3
1944-03	16.7	7	-0.6	-8.9	151.9	122.9	12	2
1944-04	26.7	13.9	4.8	-3.3	120.7	165.1	12	1
1944-05	33.3	24.8	14.1	8.3	30	0	8	0
1944-06	33.9	27.4	17.3	10	85.1	0	9	0
1944-07	34.4	31.8	20.9	16.1	46.5	0	6	0
1944-08	38.9	31.1	19.8	13.3	46.7	0	7	0
1944-09	36.1	25.4	16.8	10	261.6	0	6	0
1944-10	31.1	18.6	9.2	2.2	58.9	0	6	0
1944-11	20.6	11.3	4.2	-1.7	151.4	0.3	9	0
1944-12	11.7	3.5	-3.1	-11.1	65.3	171.7	9	3
1945-01	12.8	0.3	-7.9	-16.7	56.9	314.7	9	7
1945-02	14.4	4.8	-2.7	-9.4	74.7	206.2	12	6
1945-03	30	15.6	5.6	-3.3	56.6	0.5	11	0
1945-04	28.3	18	8.2	1.7	93	0	10	0
1945-05	28.9	19.9	10.3	5	135.6	0	15	0
1945-06	36.1	26.4	16.7	6.7	101.9	0	11	0
1945-07	35.6	27.6	19.7	14.4	131.1	0	16	0
1945-08	33.9	27.8	18.2	11.7	69.9	0	4	0
1945-09	32.8	25.7	16.9	6.7	139.7	0	10	0
1945-10	26.7	18	8.9	3.3	51.6	0	10	0
1945-11	22.2	12.5	4.8	-3.9	115.8	94.2	14	2
1945-12	12.2	2.5	-3.7	-12.2	115.8	397.3	13	7
1946-01	16.7	5.1	-2.8	-15	47.2	107.2	9	4
1946-02	17.2	3.9	-4.3	-11.1	44.7	201.4	11	4
1946-03	26.1	14.9	4.9	-3.3	81.5	0.3	10	0
1946-04	25.6	15.2	5.3	1.1	36.3	0	10	0
1946-05	30.6	21.7	11.5	6.1	172.7	0.3	13	0
1946-06	32.8	26.2	15.7	8.3	85.3	0	8	0
1946-07	34.4	28.9	19.3	13.3	130	0	7	0
1946-08	31.7	26.1	17.2	11.7	169.7	0	11	0
1946-09	32.2	26	16	8.3	102.1	0	5	0
1946-10	30.6	21.4	11.6	7.2	21.6	0	7	0
1946-11	21.7	14.2	6.3	-1.1	42.2	0	7	0
1946-12	21.1	7.2	-1.2	-8.9	40.9	33.5	6	1
1947-01	17.2	6.7	-1	-11.1	69.6	141	10	3
1947-02	10	2.5	-5.6	-13.9	56.9	450.3	5	5
1947-03	17.2	6.9	-0.4	-6.1	58.4	156.5	8	4
1947-04	26.1	15	5.5	0.6	111.8	0.3	12	0
1947-05	30	20.6	10.4	1.7	125.2	0	17	0
1947-06	32.2	25.2	15.3	11.1	87.4	0	9	0
1947-07	34.4	28.5	19.8	15.6	69.1	0	12	0
1947-08	35	28.9	19.9	15.6	61	0	8	0
1947-09	31.7	25.1	15.5	5	80	0	8	0
1947-10	29.4	22.5	12.7	2.2	34.5	0	5	0
1947-11	16.1	10	3.6	-2.8	182.6	0.5	9	0
1947-12	14.4	4.3	-2.1	-8.3	99.6	751.8	10	5
1948-01	7.2	-0.4	-7	-17.8	120.4	389.4	11	10
1948-02	15	3.2	-4.7	-14.4	64	345.9	12	8
1948-03	23.3	10.3	0.8	-12.8	89.2	122.4	16	7
1948-04	23.9	14.9	6.2	0	81.8	0	11	0
1948-05	30.6	19.8	11.5	7.2	193.5	0	16	0
1948-06	33.3	25.3	16.3	11.1	133.4	0	17	0
1948-07	34.4	29.6	20.4	15	121.4	0	10	0
1948-08	39.4	28.3	19.9	16.7	75.9	0	10	0
1948-09	31.7	26.3	16.2	9.4	15.2	0	4	0
1948-10	26.7	18	9.4	2.2	55.6	0	10	0
1948-11	23.3	14.8	7.8	0.6	80.5	0	13	0
1948-12	14.4	6.7	0.3	-12.2	145.3	642.9	8	4
1949-01	16.1	7	0.4	-6.7	151.9	173.2	13	3
1949-02	22.8	7.8	-0.5	-8.3	90.9	272	12	2
1949-03	23.9	10.6	1.5	-7.8	42.2	107.2	7	2
1949-04	26.1	16.8	7.3	2.2	114.8	0	11	0
1949-05	33.3	22.7	11.8	7.2	86.6	0	13	0
1949-06	35.6	28.6	18.4	11.1	0.5	0	2	0
1949-07	38.9	31.3	21.6	16.7	106.9	0	11	0
1949-08	37.8	29.5	20.2	12.8	100.1	0	11	0
1949-09	30.6	23.7	14.3	8.9	96	0	11	0
1949-10	31.1	21.6	13	5.6	48.8	0	8	0
1949-11	23.3	11.7	4.2	-5	24.4	12.7	6	1
1949-12	17.2	7.8	0.4	-6.1	58.4	33.3	12	2
1950-01	22.2	9.5	1.2	-8.9	55.6	10.4	14	1
1950-02	10.6	3.1	-3.6	-14.4	113.5	213.6	15	7
1950-03	19.4	7	-2.2	-11.7	69.3	38.9	16	2
1950-04	24.4	13.6	4.7	-3.3	38.4	48.3	17	2
1950-05	27.8	19.4	10.3	4.4	71.1	0	15	0
1950-06	35	26.3	16.2	8.9	55.4	0	11	0
1950-07	34.4	28.6	19.2	15.6	107.7	0	13	0
1950-08	31.1	27.3	18.3	13.9	126.2	0	12	0
1950-09	30.6	22.2	14	5	37.6	0	8	0
1950-10	30	19.9	11.2	3.3	43.4	0	7	0
1950-11	28.9	13.1	5.2	-2.2	107.7	0.8	8	0
1950-12	15.6	4.7	-1.5	-12.8	109.7	97	14	3
1951-01	17.8	7.1	-2.2	-11.7	84.1	23.4	10	1
1951-02	17.8	6.9	-1.6	-11.7	93.7	124.5	8	3
1951-03	16.7	9	1.6	-4.4	142.7	94.7	11	3
1951-04	28.9	16.4	7	2.8	62	0	9	0
1951-05	32.2	22.6	12.2	7.2	125.2	0	10	0
1951-06	31.7	25.5	16.5	10.6	71.6	0	12	0
1951-07	34.4	29.7	20.1	16.1	128.5	0.3	13	0
1951-08	32.8	28.5	18.8	13.3	64.3	0	7	0
1951-09	29.4	25	15.1	5	17.8	0	8	0
1951-10	28.9	18.6	11	5.6	95.8	0	8	0
1951-11	20	10.6	2.2	-5.6	164.8	0.3	12	0
1951-12	17.8	7.1	-0.7	-13.3	108.2	83.8	10	1
1952-01	15.6	6.3	-1.7	-13.3	115.6	157.7	18	4
1952-02	10.6	5.6	-1	-8.3	35.1	71.9	8	3
1952-03	17.8	8	1.1	-5	102.4	163.6	12	4
1952-04	27.8	17.4	8.5	1.1	128.3	0	12	0
1952-05	28.3	20.7	11.1	6.1	89.4	0	13	0
1952-06	37.8	28	18.2	14.4	99.1	0	8	0
1952-07	36.1	31.8	21.9	16.7	84.3	0	9	0
1952-08	32.2	28	19.5	12.2	117.6	0	9	0
1952-09	34.4	26	16.1	11.1	52.1	0	8	0
1952-10	26.7	18.1	8.2	0.6	23.9	13	5	1
1952-11	22.8	12.5	5.9	-2.2	77.5	43.4	9	1
1952-12	15	6.5	0.6	-11.1	104.6	191.3	9	3
1953-01	13.9	6.3	-0.1	-6.1	124.5	105.2	17	4
1953-02	19.4	7.5	-0.4	-10	60.2	10.9	8	2
1953-03	19.4	9.8	2.8	-7.8	222.5	23.4	14	2
1953-04	25	15.3	7.2	1.7	132.1	0.3	12	0
1953-05	32.2	22	12.9	6.7	110.5	0	15	0
1953-06	36.1	28.7	17.4	10.6	46.2	0	6	0
1953-07	38.3	30.7	20.2	13.9	98	0	8	0
1953-08	37.8	29.3	19.4	15	53.3	0	6	0
1953-09	38.9	26.2	16.5	9.4	27.9	0	9	0
1953-10	27.8	20.7	11.2	4.4	109.2	0	6	0
1953-11	22.8	13.9	5.8	-1.1	51.3	55.9	7	1
1953-12	17.2	8.7	1.7	-9.4	112.3	0.5	11	0
1954-01	13.3	3.4	-4.7	-13.9	41.9	322.6	12	8
1954-02	21.7	8.9	0.2	-11.7	46	13	7	1
1954-03	20	9.6	1	-5.6	82.6	3.6	8	1
1954-04	25.6	17.3	6.8	-5	68.6	7.9	10	1
1954-05	29.4	19.8	11.1	5.6	78.7	0	13	0
1954-06	33.3	27.2	16.8	12.2	33.5	0	5	0
1954-07	37.8	30.4	19.3	15.6	24.4	0	7	0
1954-08	33.3	27.4	17.8	14.4	154.7	0	8	0
1954-09	31.1	23.9	15.4	9.4	120.7	0	10	0
1954-10	30.6	20.9	12.1	3.3	50.5	0	7	0
1954-11	17.8	11.5	4.4	0	125.2	0	10	0
1954-12	16.1	5.7	-0.9	-8.9	77	2.8	8	1
1955-01	10	2.6	-3.8	-10.6	19.6	66.3	8	4
1955-02	16.1	5.9	-2.6	-17.8	76.5	132.3	13	5
1955-03	21.7	9.7	1	-7.2	94.2	91.9	13	3
1955-04	28.9	16.7	7.2	0.6	50	0	14	0
1955-05	32.2	24.4	12.7	5	67.1	0	7	0
1955-06	31.1	25.3	15.7	10.6	64	0	13	0
1955-07	37.8	32.2	22	18.3	13	0	4	0
1955-08	37.8	30	21.2	16.1	275.8	0	15	0
1955-09	28.3	24.1	15.7	10	67.8	0	8	0
1955-10	28.3	19.6	11.2	5	174.5	0	10	0
1955-11	20	10.4	3.2	-8.9	104.6	25.9	10	1
1955-12	11.7	2.2	-4.8	-15	6.4	84.1	5	4
1956-01	8.9	2.9	-2.9	-10	39.1	31.8	10	3
1956-02	15	5.9	-0.8	-10	106.2	68.8	14	3
1956-03	17.2	6.5	-0.5	-7.8	127.8	535.9	14	7
1956-04	28.9	13.2	4.9	0.6	70.6	106.7	12	1
1956-05	31.7	19.9	9.7	3.3	55.9	0.3	13	0
1956-06	37.2	26.8	17	11.7	75.9	0	9	0
1956-07	33.9	27	18.5	13.9	79.5	0	13	0
1956-08	33.9	27.8	19.1	14.4	65	0	10	0
1956-09	30.6	22.5	14	5	58.9	0	12	0
1956-10	28.9	18.9	10.1	3.3	91.7	0	6	0
1956-11	21.7	11.8	4.5	-5.6	66.5	0.3	10	0
1956-12	19.4	8.4	1.4	-8.9	83.6	22.9	15	3
1957-01	15.6	1.6	-5.4	-17.8	43.2	226.6	13	9
1957-02	15.6	6.3	-0.5	-7.8	61.7	178.8	9	3
1957-03	20.6	9.2	1.8	-4.4	50.5	66.5	12	2
1957-04	29.4	16.7	6.9	0.6	114.6	63.8	16	1
1957-05	30.6	22.5	12	3.9	93.2	0	7	0
1957-06	35.6	28.5	18.5	10.6	47	0	9	0
1957-07	38.3	30.7	20.1	14.4	37.3	0	8	0
1957-08	35	27.9	18.3	13.9	72.9	0	7	0
1957-09	32.8	25.6	16.2	5	76.5	0	11	0
1957-10	26.1	17.7	9.2	1.7	83.1	0	7	0
1957-11	18.9	13.1	6.2	-2.2	113.3	0.3	10	0
1957-12	15	7.4	1.7	-7.8	133.6	221.2	13	3
1958-01	11.7	3	-3.2	-11.1	96.3	234.4	10	3
1958-02	9.4	0.4	-5.5	-16.1	75.7	273.3	6	6
1958-03	13.9	7.4	1.7	-2.8	81	404.6	10	3
1958-04	25.6	16	7.2	-1.7	156	5.1	11	1
1958-05	27.8	19.1	11	5.6	82.6	0	17	0
1958-06	31.7	24.2	14.9	9.4	64.8	0	11	0
1958-07	33.9	28.4	20.6	17.2	93.5	0	16	0
1958-08	32.8	28.2	19.7	14.4	59.9	0	11	0
1958-09	31.7	24.5	15	7.8	112.8	0	11	0
1958-10	28.3	17.3	8.9	3.9	138.7	0	11	0
1958-11	18.3	12.4	5.3	-7.8	47	0	10	0
1958-12	12.8	2.2	-5.1	-11.1	31.8	97	9	4
1959-01	16.1	3.7	-4.5	-10	59.4	38.4	13	6
1959-02	11.1	4.5	-4.4	-13.9	42.9	10.4	9	1
1959-03	21.7	9.1	-0.1	-6.7	95.8	170.4	11	4
1959-04	28.3	16.9	7.3	1.1	48.5	15.2	11	1
1959-05	34.4	24.6	13.5	6.1	33.8	0	8	0
1959-06	36.1	26.4	17.2	11.7	106.7	0	11	0
1959-07	32.2	28.8	20.5	16.7	108.7	0	11	0
1959-08	34.4	29.6	20.9	16.1	113	0	9	0
1959-09	33.9	27.2	17.6	7.8	28.2	0	6	0
1959-10	31.1	19.3	11.6	2.2	122.7	0	12	0
1959-11	22.8	11.6	3.7	-6.1	107.2	12.7	12	1
1959-12	13.9	6.6	0.5	-12.8	117.9	401.6	11	4
1960-01	12.2	3.8	-1.8	-8.3	61	63.8	10	4
1960-02	18.3	6.1	-1.3	-7.8	112.5	49.3	12	5
1960-03	21.1	4.8	-3.3	-10	75.2	469.9	9	8
1960-04	30.6	17.4	6.7	1.7	77.5	0	12	0
1960-05	27.8	21.7	12.4	5.6	75.4	0	12	0
1960-06	31.7	26.8	17.4	12.8	44.2	0	8	0
1960-07	32.8	28.1	19.2	15.6	210.6	0	9	0
1960-08	32.8	28.1	19.6	14.4	159	0	10	0
1960-09	32.2	24	16	12.2	136.7	0	12	0
1960-10	27.8	19.1	9.8	3.3	71.6	0	8	0
1960-11	20.6	13.9	5.7	-1.1	77.5	0	6	0
1960-12	17.8	3.4	-4.6	-13.3	77.2	473.2	7	5
1961-01	12.8	0.9	-5.6	-15	47.8	424.4	9	8
1961-02	18.3	6.4	-1.3	-18.9	100.6	462.8	9	3
1961-03	22.8	9.4	1.2	-7.8	107.4	30.7	14	3
1961-04	27.8	13.4	5.4	1.1	129	0.3	13	0
1961-05	29.4	20.5	10.4	5	91.4	0	15	0
1961-06	35.6	27.6	17.3	11.7	72.6	0	11	0
1961-07	36.1	30.2	21	16.7	125	0	9	0
1961-08	33.9	29	20.3	13.9	79.5	0	10	0
1961-09	35	28	18.1	9.4	43.2	0	5	0
1961-10	28.9	21.1	11.2	4.4	56.1	0	8	0
1961-11	25.6	13	5.5	-1.1	68.8	0.5	7	0
1961-12	14.4	5	-1.1	-10	77.2	195.8	9	5
1962-01	13.3	4.2	-3.6	-11.7	66.5	16.3	12	3
1962-02	13.3	3.3	-3.5	-15.6	95	244.3	15	9
1962-03	26.1	10.7	1.6	-11.7	75.4	6.1	4	1
1962-04	32.8	16.9	6.7	1.1	76.2	0	9	0
1962-05	37.2	23.9	12.1	5.6	32	0	8	0
1962-06	33.9	27.8	17.1	11.7	94.7	0	9	0
1962-07	35.6	28.7	17.9	13.9	42.4	0	4	0
1962-08	32.8	27.2	17.7	13.3	145	0	10	0
1962-09	31.1	22.9	13.7	5.6	78.7	0	8	0
1962-10	29.4	18.6	9.5	1.1	80	0	13	0
1962-11	16.7	9.6	2.8	-2.2	100.1	0	7	0
1962-12	20	3	-3.6	-15.6	57.4	115.8	10	6
1963-01	10.6	2.4	-4.4	-15.6	49	135.6	11	4
1963-02	10.6	2.2	-6.4	-18.9	64.8	95.3	7	3
1963-03	26.1	10.3	2.7	-3.3	91.7	71.1	16	3
1963-04	27.2	17.4	6.6	1.1	32.3	0.3	6	0
1963-05	30	22	10.4	3.3	54.9	0	11	0
1963-06	35.6	26.9	16.3	12.2	69.1	0	10	0
1963-07	36.7	30.1	19.2	12.2	55.6	0	11	0
1963-08	31.1	27.4	17.1	11.7	81.5	0	11	0
1963-09	30.6	22.3	12.2	4.4	100.3	0	11	0
1963-10	28.3	22.3	10.9	3.3	3.6	0	2	0
1963-11	20.6	13.4	6.9	1.1	209.3	0	10	0
1963-12	12.8	2.2	-3.1	-11.7	58.7	287.8	9	5
1964-01	12.8	5.5	-1.4	-12.8	117.3	338.6	9	4
1964-02	11.1	3.8	-2.9	-7.2	74.4	358.1	14	11
1964-03	23.9	10.5	1.9	-5.6	65.3	152.9	13	3
1964-04	30	14.2	5.5	-2.2	129.3	0.3	15	0
1964-05	34.4	24.5	12.7	6.1	14.5	0	3	0
1964-06	37.2	27.2	16.8	10.6	67.8	0	9	0
1964-07	37.2	28.9	19.3	16.1	105.9	0	10	0
1964-08	33.3	28.4	17.1	12.2	6.1	0	4	0
1964-09	33.3	25	14.1	8.9	42.9	0	7	0
1964-10	25.6	17.6	7.9	0.6	43.9	0	6	0
1964-11	21.7	13.7	5.6	-4.4	64.8	0	8	0
1964-12	15.6	5.6	-0.7	-8.3	105.7	79.2	15	3
1965-01	12.8	2	-4.6	-12.8	78.5	376.7	9	6
1965-02	16.1	4.9	-2.8	-10.6	93	64.3	9	4
1965-03	16.1	8	0.9	-6.1	63.2	71.6	10	2
1965-04	26.7	14.9	5.7	-1.7	73.7	30.5	11	1
1965-05	34.4	24.9	13.2	7.8	40.1	0	7	0
1965-06	35	26.6	15.7	11.1	32.3	0	10	0
1965-07	33.9	28.5	18.5	14.4	33.8	0	8	0
1965-08	32.8	27.7	18	10	69.3	0	10	0
1965-09	33.3	24	15.4	6.7	43.2	0	4	0
1965-10	27.2	18.9	9.2	0	54.9	0.3	7	0
1965-11	21.7	11.8	4.6	-0.6	37.1	0	12	0
1965-12	17.2	7.9	1.5	-7.8	43.7	0.3	6	0
1966-01	16.7	3.7	-3.5	-13.3	66.8	295.9	11	6
1966-02	14.4	5.2	-1.8	-13.3	126	249.7	8	5
1966-03	19.4	10.1	1.7	-4.4	23.9	0	10	0
1966-04	22.8	14.2	5.4	1.1	68.3	0	13	0
1966-05	29.4	21.3	11.5	2.2	108.2	0	13	0
1966-06	38.3	29.8	18.4	11.1	29.7	0	6	0
1966-07	39.4	32.4	20.6	16.1	31.8	0	6	0
1966-08	34.4	30.1	19.8	16.1	48	0	8	0
1966-09	32.8	23.3	15	7.8	224	0	9	0
1966-10	26.1	18	8.8	1.1	117.9	0	7	0
1966-11	21.1	13.3	5.4	-1.7	88.1	0	12	0
1966-12	18.9	5.1	-1	-10	80.8	231.6	13	5
1967-01	20	6.2	-0.3	-10.6	35.3	35.6	9	4
1967-02	15.6	2.6	-5.8	-15.6	68.1	600.7	10	6
1967-03	22.2	7	-0.9	-13.3	151.6	442.2	11	6
1967-04	27.2	14.9	4.6	-1.7	87.6	0	11	0
1967-05	27.2	17.5	8.3	3.9	103.6	0	14	0
1967-06	35.6	28	17.4	8.9	117.9	0	8	0
1967-07	32.2	28.4	19.8	15.6	177.5	0	14	0
1967-08	32.2	27.5	19	14.4	150.9	0	14	0
1967-09	30.6	24.4	14.2	7.2	46.7	0	7	0
1967-10	30	18.5	9.5	1.7	88.1	0	3	0
1967-11	18.3	9.2	2.4	-6.7	65.8	82	11	1
1967-12	16.7	6.6	0.3	-6.7	154.4	139.7	14	4
1968-01	10	0.7	-6.6	-18.3	51.8	92.2	12	5
1968-02	9.4	2.6	-6.1	-15	28.7	29.5	3	1
1968-03	24.4	10.6	1.9	-9.4	121.7	155.7	10	3
1968-04	27.8	18.5	7	0	71.6	0	8	0
1968-05	26.7	20.1	10.5	5.6	179.3	0	13	0
1968-06	34.4	25.7	16.2	11.7	156.2	0	14	0
1968-07	36.7	29.9	20.4	15.6	66.8	0	3	0
1968-08	34.4	29.3	19.6	13.9	73.2	0	9	0
1968-09	30.6	26.3	16.6	11.7	50	0	5	0
1968-10	29.4	19.9	11.7	2.2	55.9	0	7	0
1968-11	25	11.4	5.1	0	146.1	0.5	15	0
1968-12	15.6	4.8	-2.3	-12.8	105.4	178.3	10	2
1969-01	8.9	3	-3.2	-11.7	27.9	25.7	8	1
1969-02	6.7	3	-2.3	-8.3	77.5	423.2	8	4
1969-03	21.1	8.5	0.5	-7.2	94.7	142.5	8	3
1969-04	30	18.3	8.2	-1.7	101.3	0	12	0
1969-05	36.1	24.1	12.8	8.3	67.8	0	5	0
1969-06	35.6	27.4	18.2	12.8	80.3	0	10	0
1969-07	35.6	27.8	19.7	15.6	187.2	0	16	0
1969-08	34.4	30.1	20.3	14.4	64.3	0	10	0
1969-09	33.9	25.1	15.9	10.6	211.3	0	8	0
1969-10	26.7	18.9	9.6	-0.6	50	0	7	0
1969-11	19.4	11.2	4.7	-3.3	90.9	0.3	12	0
1969-12	15.6	3.5	-2	-10	179.6	172.7	16	3
1970-01	10.6	-0.3	-7.4	-16.1	16.8	214.1	9	6
1970-02	13.9	4.8	-3.7	-12.8	114.8	163.3	7	5
1970-03	13.3	7.4	0	-6.7	106.2	102.1	12	1
1970-04	27.8	16	6.3	-0.6	88.4	0	7	0
1970-05	33.9	23	12.6	3.3	84.8	0	15	0
1970-06	32.8	26	17.2	13.9	57.7	0	11	0
1970-07	34.4	29.3	20.9	18.3	55.6	0	8	0
1970-08	34.4	30.2	20.5	16.7	62.7	0	10	0
1970-09	34.4	26.1	17	8.3	44.2	0	6	0
1970-10	26.7	18.9	11	2.2	63	0	6	0
1970-11	19.4	12.3	6	-6.1	130.6	0	12	0
1970-12	18.9	4.1	-1.5	-8.3	71.6	61.7	12	3
1971-01	7.8	0.6	-6.2	-15.6	67.8	290.3	9	4
1971-02	18.9	4.7	-1.3	-14.4	135.4	0.5	11	0
1971-03	20.6	8.2	0.8	-3.3	96.5	34	8	1
1971-04	24.4	15.5	5.3	0.6	74.9	10.2	9	1
1971-05	29.4	21.1	11.5	7.2	107.7	0	10	0
1971-06	33.9	28.3	18.6	12.8	58.7	0	7	0
1971-07	35.6	29.9	21	17.8	182.9	0	9	0
1971-08	33.3	29	19.8	12.8	238	0	7	0
1971-09	32.8	25.2	18.8	9.4	186.9	0	11	0
1971-10	25.6	20.6	13.5	7.2	105.2	0	7	0
1971-11	23.9	10.5	4.1	-3.3	143.3	0.5	11	0
1971-12	17.2	8.4	1.4	-6.7	44.7	0.8	11	0
1972-01	16.7	5.6	-2.2	-15	61.2	71.4	13	2
1972-02	16.7	3.9	-4.5	-12.8	149.9	452.6	12	7
1972-03	22.8	8.7	-0.1	-8.3	115.6	59.2	13	2
1972-04	30	15	5.1	-3.3	99.6	0.3	10	0
1972-05	30	22.4	12.3	7.2	213.1	0	15	0
1972-06	30	23.9	15.9	7.8	236.2	0	18	0
1972-07	34.4	29.5	20.7	13.3	115.3	0	8	0
1972-08	34.4	29.1	19.4	13.9	48.8	0	6	0
1972-09	33.3	25.5	16.2	10	33.8	0	8	0
1972-10	23.3	16.2	7.7	0	159.3	0	9	0
1972-11	20	10.1	3.6	-6.1	315.2	0	14	0
1972-12	16.1	6.4	0.8	-7.2	154.7	0	19	0
1973-01	18.9	5.6	-1.8	-12.2	115.1	45.7	9	1
1973-02	14.4	4.5	-4	-13.9	115.6	21.1	8	1
1973-03	18.9	12.1	3.9	-1.1	91.4	5.3	15	1
1973-04	30	16.5	7.2	0.6	204.5	0.3	13	0
1973-05	27.8	19.5	11	5	114.6	0	19	0
1973-06	35	27.3	18.7	14.4	115.6	0	14	0
1973-07	34.4	29.9	20.5	14.4	149.6	0	10	0
1973-08	36.7	29.7	21	15	78.2	0	8	0
1973-09	35.6	25.7	16	8.3	69.9	0	6	0
1973-10	27.8	20.6	10.7	5	99.6	0	3	0
1973-11	25	13	5.1	-1.1	46.2	0	9	0
1973-12	18.9	7.5	0.3	-8.3	253.5	71.6	12	2
1974-01	18.9	5.2	-1.6	-14.4	96.5	198.9	11	4
1974-02	16.7	3.7	-4.1	-11.7	37.8	240	10	6
1974-03	21.1	10.1	1.1	-6.7	146.3	81.3	9	1
1974-04	31.7	18.3	7.4	-2.2	97.3	7.6	12	1
1974-05	33.3	20.8	11.4	4.4	109	0	10	0
1974-06	35	25	16.2	11.1	83.6	0	16	0
1974-07	35	30.2	20	15	33.8	0	6	0
1974-08	33.3	29.7	19.6	15	152.1	0	12	0
1974-09	31.1	23.7	14.9	6.1	204.5	0	12	0
1974-10	25	17	7.6	-0.6	65.8	0	5	0
1974-11	27.2	13	5	-3.3	23.9	2.5	8	1
1974-12	13.3	6.7	1.4	-3.3	160.8	3.3	8	1
1975-01	17.2	6.3	-0.4	-9.4	120.9	51.8	14	2
1975-02	14.4	5.4	-1.2	-8.9	84.6	270.3	12	3
1975-03	17.8	8.8	0.2	-8.9	84.3	8.1	11	1
1975-04	23.3	13.7	4	-2.8	77.2	0.3	7	0
1975-05	33.9	24	13.6	7.2	85.9	0	11	0
1975-06	33.9	25.7	17	11.7	192.5	0	11	0
1975-07	33.9	28.6	20.1	14.4	299	0	14	0
1975-08	36.7	28	19.1	13.9	77.5	0	12	0
1975-09	27.2	21.8	13.9	7.8	236.7	0	11	0
1975-10	28.3	19.4	10.8	-0.6	94	0	9	0
1975-11	25.6	14.9	7.7	1.1	110	0.3	6	0
1975-12	16.1	5.7	-1.4	-8.9	92.2	59.4	12	2
1976-01	13.3	1.2	-6.4	-18.3	146.8	143.3	13	4
1976-02	21.1	9.2	-0.5	-12.2	79.5	127.3	10	3
1976-03	22.2	11.1	2.7	-7.2	75.9	111.8	12	3
1976-04	35.6	18.2	7.4	-3.9	71.1	0.3	6	0
1976-05	28.3	20.9	10.4	3.3	121.2	0	13	0
1976-06	33.3	27.7	18	10	70.6	0	11	0
1976-07	32.2	28.5	19.1	14.4	36.1	0	10	0
1976-08	34.4	28.3	18.7	10	165.6	0	8	0
1976-09	31.7	23.9	14.5	8.3	80	0	9	0
1976-10	22.8	15.3	7.9	-1.7	134.9	0	12	0
1976-11	16.1	8.7	2	-8.3	8.6	0.3	2	0
1976-12	12.8	2.6	-4.9	-12.8	58.2	131.3	7	3
1977-01	6.7	-2.4	-8.7	-18.9	57.2	330.7	8	10
1977-02	14.4	4.5	-2.9	-13.3	63.8	147.8	8	4
1977-03	27.2	12.8	3.6	-4.4	188.2	15.5	7	1
1977-04	32.2	17.6	6.5	-3.9	95.3	0.3	7	0
1977-05	33.3	23.9	12.7	2.2	43.4	0	7	0
1977-06	31.1	25.6	16.8	10	97.3	0	10	0
1977-07	40	31.2	21	14.4	40.6	0	7	0
1977-08	33.9	28.4	20.1	13.9	116.1	0	11	0
1977-09	34.4	23.7	16.5	11.1	120.7	0	14	0
1977-10	21.1	16.1	9.3	4.4	127.8	0	11	0
1977-11	18.3	10.8	6.2	-1.7	311.4	5.6	15	1
1977-12	13.3	5	-1	-10.6	128.5	11.7	9	1
1978-01	14.4	1	-5.5	-11.1	210.1	516.9	11	6
1978-02	5	0.5	-5.8	-12.2	40.4	585	6	6
1978-03	18.3	7.7	0.1	-10	69.3	173.7	8	2
1978-04	27.8	15.7	6	-0.6	60.5	0	8	0
1978-05	32.2	20.7	12	3.3	232.4	0	13	0
1978-06	32.8	26.5	17.1	10.6	42.9	0	9	0
1978-07	35	27.5	19.5	14.4	113.8	0	8	0
1978-08	33.3	28.1	20.8	15.6	139.7	0	12	0
1978-09	30	23	13.6	7.2	103.1	0	10	0
1978-10	24.4	17.1	8.4	2.2	38.1	0	10	0
1978-11	21.1	12	5.5	-4.4	72.4	56.4	9	1
1978-12	19.4	7.3	0.3	-7.2	142.5	12.7	11	1
1979-01	17.2	4.6	-2.9	-13.3	267.2	168.4	13	5
1979-02	13.9	-0.3	-6.9	-17.8	116.3	511.3	11	4
1979-03	24.4	13	3.5	-6.7	111.8	0.3	10	0
1979-04	27.2	15.6	7.3	0	102.6	0	13	0
1979-05	34.4	22.8	14.2	7.2	158.2	0	15	0
1979-06	30.6	25	16.3	8.9	39.6	0	10	0
1979-07	35	29.4	20.5	11.7	44.7	0	7	0
1979-08	35	28.9	20.8	13.3	108.5	0	15	0
1979-09	32.2	25.6	17.2	7.2	122.7	0	10	0
1979-10	31.1	17.8	10.4	2.2	98.3	0	8	0
1979-11	22.8	14.9	7.9	-1.7	85.9	0	9	0
1979-12	18.3	8.3	1.8	-6.7	68.3	89.2	8	1
1980-01	15.6	4.1	-2.2	-8.3	43.7	52.1	7	1
1980-02	13.9	3.3	-4	-11.1	26.4	69.3	2	2
1980-03	15	9.2	1	-12.2	264.4	117.6	15	2
1980-04	24.4	17.1	8	0	209.8	0	12	0
1980-05	32.2	23.7	13.7	7.8	59.2	0	10	0
1980-06	34.4	26.2	16.3	8.3	97.5	0	10	0
1980-07	38.9	30.9	21.6	16.1	133.6	0	10	0
1980-08	36.1	31.3	22.4	17.8	29.5	0	7	0
1980-09	35.6	26.2	16.9	7.2	50.3	0	6	0
1980-10	26.1	17	8.8	2.8	98	0	8	0
1980-11	21.7	10.7	3.4	-2.2	104.4	0	9	0
1980-12	17.8	4.4	-3.9	-18.3	14.7	72.1	8	4
1981-01	9.4	0.1	-6.6	-16.7	14.7	204.2	4	6
1981-02	20	7.9	0.1	-13.3	153.4	0.5	13	0
1981-03	25	9.7	1.7	-8.3	30.2	219.5	7	1
1981-04	27.2	18.4	8.4	0.6	86.9	0	15	0
1981-05	30.6	23.2	13.3	6.7	90.4	0	7	0
1981-06	33.9	27	18.5	14.4	68.8	0	10	0
1981-07	35.6	30.2	21.5	16.7	157.7	0	12	0
1981-08	33.3	28.8	20.1	15	15	0	6	0
1981-09	31.7	23.6	15.9	8.3	87.6	0	8	0
1981-10	21.7	16.5	8.5	3.3	88.6	0	8	0
1981-11	22.2	11.8	5.6	-1.7	42.9	0	7	0
1981-12	14.4	4.9	0.1	-6.7	131.6	54.4	12	4
1982-01	14.4	0.3	-6.9	-17.8	164.1	299.7	9	5
1982-02	14.4	5.4	-1.6	-7.2	60.2	10.9	6	2
1982-03	15.6	9.1	1.8	-5.6	65	18	13	1
1982-04	27.8	15.8	5.6	-6.1	144	244.3	8	1
1982-05	28.9	22.3	13.4	9.4	61.7	0	10	0
1982-06	30.6	24.2	16.5	11.1	130	0	14	0
1982-07	36.7	30.1	20.9	15.6	79.8	0	5	0
1982-08	31.7	27.3	18.4	10	118.4	0	7	0
1982-09	31.1	24.2	16.2	12.2	45	0	9	0
1982-10	27.2	18.8	10.7	3.3	58.7	0	5	0
1982-11	26.1	14.2	6.2	-2.8	87.4	0	9	0
1982-12	22.2	9.3	2.7	-8.3	37.3	76.7	12	1
1983-01	14.4	4.2	-1.5	-11.1	127.3	48.3	8	2
1983-02	15	5.8	-0.9	-10	81.8	546.4	7	4
1983-03	20	10.1	3.2	-3.9	267.7	0.5	15	0
1983-04	29.4	15.2	7.4	1.1	355.9	20.3	10	1
1983-05	26.1	20	11.2	5	116.8	0	13	0
1983-06	35	28	17.9	11.1	71.6	0	7	0
1983-07	36.7	31.5	21.3	16.1	86.4	0	7	0
1983-08	35.6	29.9	20.9	15	184.4	0	8	0
1983-09	37.2	26.9	17.2	9.4	117.3	0	5	0
1983-10	28.9	18.3	10.4	2.2	219.2	0	10	0
1983-11	20.6	13	5.7	0	169.7	0	14	0
1983-12	15	5.1	-1.6	-15.6	248.2	40.9	12	3
1984-01	13.9	1.7	-4.1	-13.3	47.5	297.9	11	10
1984-02	17.2	8.2	1.3	-8.3	123.4	5.6	13	1
1984-03	14.4	6.2	-1	-10.6	160	303	13	6
1984-04	25.6	15.3	6.8	1.7	168.1	0	9	0
1984-05	29.4	20.9	12.1	6.1	247.4	0	16	0
1984-06	35.6	28.1	19.1	9.4	146.3	0	11	0
1984-07	32.8	27.3	20.1	15	178.6	0	12	0
1984-08	33.3	28.7	20.9	15.6	35.1	0	10	0
1984-09	30	23.4	14.3	6.7	63.8	0	8	0
1984-10	26.1	20.3	12.8	5	92.2	0	11	0
1984-11	20.6	12.5	4.4	-3.9	103.4	0.3	8	0
1984-12	21.1	10	3	-3.9	82.8	139.7	14	2
1985-01	14.4	1.5	-5	-18.9	25.4	214.1	10	7
1985-02	23.9	6.1	-1.1	-10	61.2	254.5	8	3
1985-03	27.8	12.7	2.6	-5.6	48.5	5.1	11	1
1985-04	31.1	18	8.1	-2.2	35.8	0.3	12	0
1985-05	30.6	23.6	13.4	6.1	145.3	0	10	0
1985-06	29.4	24.4	16.3	12.8	112	0	10	0
1985-07	33.3	28.9	20.2	16.1	112	0	12	0
1985-08	35	28	20.2	16.7	65.5	0	6	0
1985-09	34.4	25.8	16.9	9.4	120.7	0	8	0
1985-10	26.7	19.4	11	2.2	33	0	9	0
1985-11	25	13.2	6.8	0.6	205.5	0	15	0
1985-12	12.8	4.5	-2	-9.4	21.1	23.6	11	4
1986-01	17.2	4.9	-2.6	-13.3	107.4	56.1	10	4
1986-02	8.9	2.7	-2.8	-7.8	72.6	250.4	10	5
1986-03	25.6	12.2	2.3	-9.4	37.1	0.5	6	0
1986-04	27.8	17	8	1.7	99.8	0	14	0
1986-05	34.4	24.3	13.5	5	42.7	0	8	0
1986-06	32.8	27.1	16.8	9.4	47.2	0	9	0
1986-07	36.7	28.9	19.9	12.8	141.2	0	12	0
1986-08	31.7	27.3	18.4	10	107.7	0	12	0
1986-09	31.7	24.4	15.4	7.2	55.9	0	9	0
1986-10	28.9	18.9	10	3.3	48.8	0	8	0
1986-11	22.8	11.7	3.5	-5.6	174	0	13	0
1986-12	15	6.9	0.9	-7.2	156.5	15.2	11	1
1987-01	13.9	3.1	-2.7	-13.3	147.6	346.2	9	5
1987-02	11.1	4.9	-3.6	-15.6	25.7	178.8	4	3
1987-03	24.4	12.2	2.4	-9.4	125.2	48.8	8	2
1987-04	25	16.1	7.6	-0.6	149.9	0	14	0
1987-05	36.1	22.8	12.2	6.1	36.8	0	10	0
1987-06	35.6	27.4	18	13.3	100.1	0	13	0
1987-07	35	30.3	20.7	15.6	104.6	0	11	0
1987-08	34.4	28.2	18.7	13.3	124.2	0	10	0
1987-09	29.4	24	15.7	9.4	133.4	0	13	0
1987-10	22.2	16.9	7.3	2.8	98.8	0	7	0
1987-11	25	12.9	4.5	-7.8	78.2	28.7	8	1
1987-12	15.6	7.4	1	-13.3	55.1	66.8	9	1
1988-01	11.7	2.1	-4.9	-15	92.5	353.6	10	6
1988-02	16.7	5.5	-2.2	-12.8	99.3	39.1	9	2
1988-03	24.4	11.2	1.7	-8.3	53.3	0.3	7	0
1988-04	22.8	15.2	6.1	1.7	55.9	0	12	0
1988-05	32.8	21.9	12.2	6.7	133.9	0	12	0
1988-06	36.7	27.8	16.4	10	32.8	0	8	0
1988-07	37.2	31.6	21	11.7	206.8	0	16	0
1988-08	37.2	30.6	21.4	13.3	55.6	0	6	0
1988-09	28.9	24.6	14.7	9.4	59.4	0	4	0
1988-10	26.1	15.7	7.3	-0.6	90.4	0	7	0
1988-11	19.4	13.6	5.7	0	226.1	0	9	0
1988-12	15.6	6	-1.7	-15	28.7	8.6	4	1
1989-01	16.1	6.7	-0.7	-11.7	58.2	128	10	1
1989-02	19.4	5.1	-2.3	-9.4	77	8.6	8	1
1989-03	27.8	10.4	1.1	-10.6	125.2	64.3	9	1
1989-04	25	16.3	6.1	1.1	108.2	0	13	0
1989-05	30	21.4	12	6.1	260.1	0	13	0
1989-06	33.3	26.7	17.7	14.4	223.3	0	17	0
1989-07	35.6	28.5	19.1	15.6	130.3	0	12	0
1989-08	34.4	27.8	18.9	13.3	214.4	0	13	0
1989-09	34.4	24.6	15.5	6.7	175.3	0	6	0
1989-10	25	19.3	9.7	4.4	190	0	8	0
1989-11	21.1	11.7	3.6	-5	70.9	119.6	11	2
1989-12	11.7	0.4	-7.2	-14.4	21.1	39.1	4	3
1990-01	18.9	8.6	1.8	-4.4	135.6	46	12	2
1990-02	18.3	9.1	-0.6	-13.9	59.2	46.2	11	1
1990-03	29.4	12.4	2.2	-10.6	92.5	79.2	10	1
1990-04	32.8	16.9	7	0.6	130	15.5	13	1
1990-05	28.3	20.5	10.9	6.7	231.1	0	12	0
1990-06	31.7	27.5	17.1	10	63.5	0	13	0
1990-07	35	29.3	20.5	13.9	89.2	0	9	0
1990-08	33.9	28.6	19.4	14.4	313.9	0	15	0
1990-09	31.7	24.2	15.2	6.7	56.9	0	8	0
1990-10	28.9	20.8	12.3	1.7	162.1	0	10	0
1990-11	25.6	14.6	5.8	-1.1	71.6	0	6	0
1990-12	18.9	9.8	1.9	-6.1	141.7	183.1	12	2
1991-01	12.8	5.1	-1.9	-12.2	85.9	213.6	8	3
1991-02	21.1	8.7	0.2	-10	49	231.4	11	3
1991-03	25	11.2	2.9	-4.4	131.1	5.1	16	1
1991-04	32.2	18	8.3	2.2	93.5	0	11	0
1991-05	33.9	26.1	14.7	8.3	79	0	7	0
1991-06	36.1	29.1	17.6	11.7	105.7	0	11	0
1991-07	38.9	30.6	20.2	17.2	116.1	0	11	0
1991-08	34.4	30	20.1	16.7	181.1	0	9	0
1991-09	33.9	24.7	14.7	6.7	94.2	0	8	0
1991-10	26.7	19.4	10	3.3	54.1	0	5	0
1991-11	23.3	12.9	5.2	-1.7	49.8	0.3	6	0
1991-12	18.9	7.9	0.5	-10.6	108.2	19.3	12	2
1992-01	16.7	5.8	-1.7	-11.7	42.7	38.6	8	2
1992-02	17.8	6.2	-1.4	-10	47.5	26.2	10	1
1992-03	17.8	8.8	0.1	-8.3	103.6	239.3	11	2
1992-04	27.2	14.9	5.7	-0.6	44.7	0.3	12	0
1992-05	33.9	21.6	10.7	4.4	102.1	0	11	0
1992-06	30.6	26.2	16.3	11.1	121.2	0	7	0
1992-07	33.9	28	18.8	15	114	0	16	0
1992-08	32.8	27.5	18	13.9	88.6	0	11	0
1992-09	30	23.8	15.3	6.7	124.2	0	11	0
1992-10	25.6	17	8.1	1.1	29.5	0	8	0
1992-11	21.7	11.4	4.7	-1.7	143.3	0	10	0
1992-12	16.1	6.5	0	-8.3	139.7	10.7	13	1
1993-01	17.8	5.9	-1.1	-6.1	87.4	39.1	10	3
1993-02	13.3	3.9	-5.3	-13.9	71.4	273.1	7	6
1993-03	20	8.2	0.3	-10.6	168.7	302.8	11	5
1993-04	26.1	16.9	6.7	1.7	108.7	0	9	0
1993-05	33.3	24.1	13.2	7.8	39.6	0	7	0
1993-06	35	28.4	17.4	10.6	37.8	0	7	0
1993-07	38.9	32.3	21.1	18.3	43.2	0	7	0
1993-08	35.6	30	20.2	15.6	137.4	0	11	0
1993-09	35	23.8	15.4	6.7	133.4	0	15	0
1993-10	25.6	17.5	9.1	3.3	115.6	0	11	0
1993-11	26.7	13.7	5	-3.9	55.9	0.8	6	0
1993-12	16.7	6.4	-0.5	-12.2	125.7	176	11	3
1994-01	12.8	0.7	-7.9	-18.9	142.7	306.3	11	9
1994-02	16.7	3.3	-4.9	-13.9	87.4	671.1	9	7
1994-03	21.7	8.9	0.7	-6.1	160.8	206.2	14	4
1994-04	28.9	18.4	7.8	1.1	61.5	0	10	0
1994-05	32.8	22.4	10.7	6.7	108.2	0	13	0
1994-06	36.7	29.3	18.7	12.2	81.5	0	12	0
1994-07	36.1	31.1	21.6	17.8	98	0	10	0
1994-08	32.8	28	18.6	13.9	160.8	0	12	0
1994-09	31.1	24.3	15.3	11.7	84.6	0	10	0
1994-10	23.9	19.2	9.7	6.1	34.3	0	5	0
1994-11	24.4	15.3	6.9	-3.9	110.2	0.3	9	0
1994-12	18.3	9.4	1.9	-7.2	73.7	0.8	9	0
1995-01	17.8	6.2	-0.1	-9.4	95.3	5.6	12	1
1995-02	12.2	3.8	-4.3	-14.4	79.5	294.6	8	3
1995-03	22.2	11.6	2.8	-6.7	32	0.3	6	0
1995-04	24.4	16.3	5.8	-5	58.2	0	12	0
1995-05	30.6	21.2	12	6.7	72.1	0	14	0
1995-06	35	26.9	17.4	12.2	53.1	0	13	0
1995-07	38.9	30.6	21.8	15.6	155.7	0	11	0
1995-08	35.6	30.8	21	16.7	4.6	0	4	0
1995-09	32.8	24.8	15.5	10	77	0	7	0
1995-10	30	21.1	11.8	5.6	198.6	0	10	0
1995-11	22.2	10.1	2.8	-4.4	146.8	73.7	13	1
1995-12	12.8	3.3	-2.9	-9.4	53.8	292.4	8	6
1996-01	13.3	2.8	-4.4	-14.4	143.3	664	10	7
1996-02	16.7	4.6	-2.6	-15	65.8	539	12	6
1996-03	17.2	7.9	-0.2	-11.7	96.8	335.5	13	4
1996-04	29.4	15.6	6.9	0.6	160.8	17.8	14	2
1996-05	35.6	20.8	11.5	5.6	67.1	0	15	0
1996-06	31.1	25.7	18	12.2	145	0	12	0
1996-07	31.7	26.5	19.4	16.7	146.3	0	15	0
1996-08	32.2	27.4	19.8	16.1	47.5	0	8	0
1996-09	31.7	23.5	16.5	10	126.2	0	12	0
1996-10	24.4	17.4	9.7	4.4	191	0	12	0
1996-11	20.6	9.4	2.8	-5	72.9	3	11	1
1996-12	17.2	8.1	2.2	-9.4	164.6	0	18	0
1997-01	16.7	4	-3.8	-15.6	92.7	111.8	13	2
1997-02	22.2	8.4	0.5	-7.2	64.5	97	13	2
1997-03	20	9.5	1.4	-3.9	131.6	43.7	13	3
1997-04	23.3	15.6	6.2	-2.2	72.6	0	10	0
1997-05	28.3	20	10.4	6.1	77.5	0	11	0
1997-06	33.9	26.2	17	9.4	49	0	6	0
1997-07	36.1	29	19.5	14.4	212.3	0	12	0
1997-08	33.9	27	18.8	15.6	81.5	0	10	0
1997-09	28.3	23.6	15.2	8.9	53.3	0	8	0
1997-10	29.4	17.6	9.9	2.8	53.3	0	7	0
1997-11	18.3	9.9	4	-2.8	118.9	0	14	0
1997-12	12.2	6.4	0.6	-8.3	108.5	0	13	0
1998-01	18.3	7.7	1.2	-10	132.1	12.7	12	1
1998-02	14.4	7.9	1.7	-8.3	147.6	0	11	0
1998-03	30	11.2	3.7	-7.2	129	127	8	1
1998-04	22.8	16.9	7.6	2.2	179.1	0	12	0
1998-05	30.6	22.5	13.5	6.7	176.3	0	12	0
1998-06	33.3	24.3	17	11.1	150.9	0	13	0
1998-07	33.9	28.8	20.6	16.7	27.7	0	7	0
1998-08	32.8	29.1	20.5	14.4	70.6	0	5	0
1998-09	32.2	25.6	16.9	9.4	87.4	0	8	0
1998-10	23.3	17.7	10.7	5.6	70.1	0	9	0
1998-11	17.2	12.4	5.5	2.2	37.6	0	5	0
1998-12	23.9	9.4	3	-8.3	28.4	51.1	8	1
1999-01	15.6	4.9	-2.8	-12.8	178.3	114.6	14	2
1999-02	16.7	7.4	0.2	-10	88.6	43.4	10	2
1999-03	23.3	10.4	1.3	-8.3	101.9	114.6	12	2
1999-04	26.7	16.9	7	1.7	49	0	12	0
1999-05	31.7	21.7	12.8	7.8	102.6	0	7	0
1999-06	34.4	27.4	18.4	13.9	15	0	5	0
1999-07	38.3	32.3	22.6	16.1	11.2	0	7	0
1999-08	36.7	28.6	19.8	15	73.4	0	9	0
1999-09	28.3	24.3	16.8	10	223.8	0	9	0
1999-10	23.9	17.5	9.3	3.9	69.3	0	11	0
1999-11	22.2	14	6.8	-2.2	59.2	0	5	0
1999-12	17.2	7.6	1.2	-7.2	82	0.5	10	0
2000-01	17.8	3.3	-4.1	-16.1	82	241.6	9	3
2000-02	17.8	6.5	-0.6	-7.2	42.2	132.8	8	2
2000-03	21.7	12.8	4.1	-5.6	84.8	10.2	10	1
2000-04	23.9	14.5	6.6	-1.1	89.7	30.5	11	1
2000-05	33.9	22	13	7.8	114.3	0	12	0
2000-06	33.3	26	17.7	9.4	123.7	0	14	0
2000-07	31.7	26.1	18.7	14.4	184.9	0	13	0
2000-08	32.2	25.9	19.1	13.9	97	0	14	0
2000-09	28.9	22.7	15	6.1	147.8	0	11	0
2000-10	26.1	18	9.7	2.2	17	0	6	0
2000-11	19.4	10.5	4.2	-5	89.9	0	7	0
2000-12	16.7	2.9	-3.9	-10	81	340.6	9	4
2001-01	12.2	3.8	-2	-7.8	80.3	211.6	10	3
2001-02	16.1	6.2	-1.9	-8.9	49.5	241.6	9	4
2001-03	13.9	7.6	0.9	-4.4	190	96.5	15	3
2001-04	30.6	17.1	7.3	1.1	40.1	0	11	0
2001-05	33.3	21.9	13.2	6.1	51.6	0	9	0
2001-06	32.8	26.8	18.7	10	134.4	0	9	0
2001-07	34.4	27.2	18.5	13.3	51.8	0	7	0
2001-08	39.4	30.3	21.6	17.2	65	0	9	0
2001-09	30	24.1	15.5	10	134.6	0	9	0
2001-10	27.2	19.1	10.4	2.8	16.8	0	5	0
2001-11	23.9	15.4	7.5	1.1	34.5	0	6	0
2001-12	21.7	10	3.4	-6.7	56.9	0	8	0
2002-01	20.6	7.5	1.4	-6.1	49	89.4	10	2
2002-02	17.2	9.1	0.5	-7.2	18	0.3	7	0
2002-03	22.2	11.3	2.2	-7.2	89.9	0.3	11	0
2002-04	35.6	18.2	8.5	-1.1	86.6	0.3	15	0
2002-05	30	20.8	11.1	5	93.7	0	8	0
2002-06	33.3	26.6	17.3	11.7	113.8	0	10	0
2002-07	35.6	30.5	21.4	16.1	26.7	0	6	0
2002-08	36.7	30	20.8	15.6	124.7	0	9	0
2002-09	32.8	25.6	16.9	12.2	131.1	0	7	0
2002-10	28.9	16.3	9.5	2.2	182.9	0	13	0
2002-11	20	11.1	4.5	-4.4	128.5	0	15	0
2002-12	15.6	5.1	-0.6	-7.2	103.1	280.2	12	2
2003-01	10	0.5	-5.5	-13.9	58.4	120.7	12	8
2003-02	10	2	-4.1	-13.3	115.6	663.4	9	4
2003-03	20.6	11.1	1.2	-11.7	116.1	89.4	9	1
2003-04	31.1	14.3	5.5	-1.1	81.3	101.6	12	1
2003-05	26.1	18.9	10.7	7.2	86.4	0	15	0
2003-06	33.9	24.2	16.2	10	260.6	0	15	0
2003-07	34.4	28.4	20.3	17.2	95.5	0	14	0
2003-08	32.8	28.5	21.2	16.1	148.6	0	13	0
2003-09	26.7	23.2	16.7	10	153.2	0	14	0
2003-10	25	16.6	9.1	2.2	124.5	0	11	0
2003-11	26.1	13.4	6.6	-1.7	106.2	0	11	0
2003-12	14.4	6.4	-0.2	-6.1	137.7	503.2	7	3
2004-01	14.4	-0.6	-7.5	-17.2	54.1	440.7	9	6
2004-02	15	5.4	-2	-9.4	68.1	18	5	1
2004-03	21.1	10.4	2.5	-4.4	75.9	121.9	16	3
2004-04	29.4	17.1	6.9	-1.7	104.4	0	15	0
2004-05	30.6	23.5	13.4	5.6	146.3	0	15	0
2004-06	32.8	26	17.6	13.3	76.7	0	10	0
2004-07	30.6	27.2	20.1	17.2	194.1	0	11	0
2004-08	32.2	27	19.9	14.4	76.7	0	10	0
2004-09	30.6	24.5	17	11.1	292.4	0	10	0
2004-10	23.9	16.6	10.1	6.7	29.2	0	6	0
2004-11	20	12.7	5.3	-1.7	106.9	0	9	0
2004-12	15	6.9	0.2	-11.7	94.2	76.2	12	5
2005-01	18.9	3	-3.8	-15	118.6	389.4	14	5
2005-02	13.3	5.9	-0.8	-8.9	77.2	402.1	13	5
2005-03	17.2	8	0.3	-8.9	126	175.5	11	5
2005-04	30.6	18.1	7.6	2.8	122.2	0	10	0
2005-05	26.1	19.6	10.3	5	37.6	0	12	0
2005-06	33.9	27.9	18.8	12.2	81.5	0	10	0
2005-07	36.1	29.4	21.2	16.7	90.4	0	9	0
2005-08	37.2	30.6	22.4	18.3	100.6	0	7	0
2005-09	33.3	27.6	18.4	10	12.2	0	5	0
2005-10	26.7	17.6	11.1	3.9	424.9	0	12	0
2005-11	22.2	13.8	5.8	-5.6	113.5	0	11	0
2005-12	12.8	4.7	-1	-10	116.8	246.6	9	4
2006-01	17.8	8.6	1.2	-8.9	126.7	50.8	12	1
2006-02	16.7	5.8	-1.6	-9.4	73.2	683.8	6	2
2006-03	23.3	10.3	2	-5.6	20.3	33	4	1
2006-04	28.3	18.5	7.8	0.6	141.2	2.5	10	1
2006-05	31.1	22	12.6	7.2	117.3	0	11	0
2006-06	32.8	25.4	17.9	11.1	217.2	0	15	0
2006-07	35	29.5	21.5	16.1	156.5	0	10	0
2006-08	36.1	28.2	20.4	15.6	154.4	0	11	0
2006-09	28.3	22.8	15.6	9.4	93.7	0	11	0
2006-10	26.1	17.4	9.6	2.8	179.6	0	10	0
2006-11	20.6	14.1	8	1.7	186.4	0	11	0
2006-12	21.1	9.7	3.2	-7.8	54.6	0	7	0
2007-01	22.2	6.4	-0.3	-12.8	92.2	66.3	18	7
2007-02	9.4	1.4	-5.6	-13.3	50.5	97	8	3
2007-03	25.6	10.5	0.8	-11.7	135.9	152.7	12	2
2007-04	30	14.4	6	-1.1	331.5	0.5	10	0
2007-05	32.8	24.1	12.9	6.7	47.8	0	8	0
2007-06	32.8	26.4	17.3	12.2	166.4	0	12	0
2007-07	33.3	28	19.8	13.9	175	0	9	0
2007-08	33.3	27.5	19.3	13.3	182.4	0	10	0
2007-09	31.1	25.6	17	10	46	0	5	0
2007-10	30.6	21.4	13.7	3.3	118.1	0	12	0
2007-11	18.9	10.9	4	-3.3	88.1	0	12	0
2007-12	16.1	5.3	0.2	-6.7	132.6	73.9	17	4
2008-01	17.8	5.8	-0.8	-11.1	72.4	1	12	0
2008-02	20	6.2	-2	-12.2	151.1	228.9	14	3
2008-03	17.2	10.2	1.7	-2.8	103.6	0	12	0
2008-04	28.9	17.5	8	0.6	70.4	0	11	0
2008-05	28.3	20.5	10.7	6.7	101.9	0	13	0
2008-06	35.6	28.1	18.6	13.9	119.4	0	16	0
2008-07	35.6	30.1	21.4	18.9	72.1	0	10	0
2008-08	32.2	28.1	18.3	14.4	141.7	0	10	0
2008-09	32.2	24.3	16.6	10.6	179.1	0	8	0
2008-10	23.9	16.8	8.9	2.2	91.9	0	8	0
2008-11	19.4	10.7	4.7	-5	89.9	0.3	11	0
2008-12	19.4	7.2	-0.4	-10.6	168.1	152.7	16	5
2009-01	8.3	0.8	-5.3	-14.4	75.7	229.4	8	5
2009-02	18.3	7	-1.7	-11.1	23.6	109.5	6	1
2009-03	21.1	9.8	1.7	-11.1	44.5	210.8	10	2
2009-04	33.3	17.2	7.9	1.1	119.1	0.3	10	0
2009-05	30	21.4	12.5	6.1	131.3	0	13	0
2009-06	28.9	23.6	15.8	10	255.3	0	18	0
2009-07	30	26.9	18.3	14.4	180.6	0	13	0
2009-08	33.3	28	20.5	16.7	107.2	0	11	0
2009-09	28.9	22.8	15.3	9.4	57.4	0	7	0
2009-10	23.3	16.2	9.3	2.8	141.7	0	13	0
2009-11	20.6	13.7	7.6	1.7	40.9	0	9	0
2009-12	18.9	5.5	-1.1	-8.9	184.7	315.2	11	3
2010-01	13.9	3.4	-2.8	-10.6	52.8	54.1	8	3
2010-02	7.8	3.3	-2	-8.3	169.9	938	11	6
2010-03	23.3	12.8	5.2	-1.7	271.5	0	13	0
2010-04	33.3	19.6	9.1	4.4	75.9	0	7	0
2010-05	33.3	23.6	13.4	5	76.5	0	8	0
2010-06	33.9	28.4	19	13.9	55.9	0	8	0
2010-07	39.4	32.3	22.5	16.1	66	0	7	0
2010-08	35.6	29.6	20.9	16.1	105.2	0	8	0
2010-09	35.6	26	17.4	12.2	93.2	0	8	0
2010-10	23.9	18.4	10.7	5.6	124.7	0	10	0
2010-11	18.3	12	5.7	1.1	54.6	0	8	0
2010-12	15.6	3.2	-2.3	-7.2	107.7	511	6	3
2011-01	11.7	1.5	-4.1	-14.4	125.2	915.4	11	8
2011-02	19.4	6.5	-2	-9.4	88.1	122.2	9	3
2011-03	25	10	1.5	-6.7	157.2	25.4	11	1
2011-04	28.3	17	7.8	1.7	135.9	0	13	0
2011-05	31.7	22.4	13.7	7.8	129.8	0	9	0
2011-06	35	26.8	18	13.3	82.6	0	10	0
2011-07	40	31.6	22	17.2	77	0	8	0
2011-08	34.4	28.3	19.8	15	481.3	0	14	0
2011-09	30	24.6	17.7	10.6	238.5	0	12	0
2011-10	28.9	17.7	10.2	0.6	154.7	73.7	12	1
2011-11	21.1	14.7	7.4	2.2	77.5	0	8	0
2011-12	16.7	9.9	2.7	-5.6	101.6	0	9	0
2012-01	16.7	6.8	-0.9	-10.6	82	109.5	10	1
2012-02	16.7	8.2	1.6	-6.7	34.8	5.6	11	1
2012-03	25.6	15.1	5.9	-3.9	24.4	0	11	0
2012-04	31.1	17.6	7.7	3.3	90.4	0	9	0
2012-05	31.7	22.2	14.6	9.4	136.7	0	18	0
2012-06	34.4	26.1	17.2	10.6	75.4	0	13	0
2012-07	37.8	30.7	21.3	16.1	106.9	0	11	0
2012-08	32.8	29	20.7	16.1	73.9	0	10	0
2012-09	32.8	24.4	16.5	11.7	111.5	0	9	0
2012-10	25.6	17.6	11.3	3.3	74.2	0	10	0
2012-11	18.9	9.8	3.4	-0.6	46	119.4	5	2
2012-12	16.7	8	2.6	-2.2	121.9	10.4	17	1
2013-01	16.1	4.9	-1.5	-11.7	70.1	38.6	10	1
2013-02	12.8	4.1	-2	-8.3	108	310.1	13	5
2013-03	15	7.9	1.1	-2.8	73.7	186.4	8	3
2013-04	27.8	16.3	7	0.6	33.3	0	8	0
2013-05	32.2	21.8	12.4	5.6	203.2	0	10	0
2013-06	33.3	26.8	18.3	11.7	256.5	0	13	0
2013-07	36.7	30.2	23	17.8	72.1	0	12	0
2013-08	32.2	27.5	19.8	15	72.4	0	10	0
2013-09	35.6	24.6	15.2	8.3	74.9	0	8	0
2013-10	30	19.4	11.9	4.4	9.1	0	5	0
2013-11	21.1	11.2	3.6	-5	80	0.3	9	0
2013-12	21.7	6.9	0.4	-7.2	123.2	219.2	12	4
2014-01	14.4	1.9	-5.7	-15.6	70.9	500.4	13	6
2014-02	13.3	3.1	-3.5	-12.8	139.2	736.6	11	8
2014-03	18.9	7.5	-1.2	-10.6	93.2	3	7	1
2014-04	25	16.2	6.4	-0.6	199.4	0	11	0
2014-05	30	22.5	13	9.4	111	0	14	0
2014-06	31.7	26.9	18	12.8	108.2	0	9	0
2014-07	32.8	28.6	20.5	17.2	142	0	12	0
2014-08	32.2	28	19.2	16.1	57.2	0	9	0
2014-09	33.3	25.2	16.8	11.1	30.7	0	5	0
2014-10	25	18.8	11.9	5.6	146.6	0	13	0
2014-11	20.6	10.9	3.9	-5.6	114.6	5.1	9	1
2014-12	18.3	7.3	2.2	-4.4	153.4	25.7	16	1
2015-01	13.3	2.3	-4.7	-13.3	132.8	429.3	11	6
2015-02	6.1	0	-9	-16.7	51.8	346.2	9	7
2015-03	16.7	7.4	-0.6	-11.1	119.9	473.2	14	4
2015-04	26.7	17	7.7	0	52.8	0	9	0
2015-05	31.1	25.8	14.8	8.9	47.2	0	4	0
2015-06	32.2	25.8	17.7	10	121.7	0	14	0
2015-07	35.6	29.9	22	17.8	101.1	0	8	0
2015-08	35	30.5	21.7	17.2	59.7	0	6	0
2015-09	36.1	28.1	19	13.3	83.3	0	5	0
2015-10	25.6	18.6	10.4	1.7	99.3	0	8	0
2015-11	23.3	15.2	7.9	0	51.1	0	7	0
2015-12	22.2	13.5	7.4	1.1	119.9	0	15	0
2016-01	15	4.9	-2.2	-11.7	112	709.2	5	3
2016-02	16.1	7.1	-0.8	-18.3	111.8	101.9	12	3
2016-03	26.1	14.1	4.6	-3.3	29.7	22.9	9	2
2016-04	27.8	16.8	6.9	-3.3	40.9	0	12	0
2016-05	33.3	21.5	12.8	6.1	95.3	0	12	0
2016-06	31.1	27.2	17.5	11.1	66	0	8	0
2016-07	35.6	30.1	21.7	17.2	178.3	0	12	0
2016-08	35.6	30.3	22.1	16.1	50	0	12	0
2016-09	32.8	26.1	18.1	12.2	70.9	0	8	0
2016-10	29.4	18.8	11	3.3	105.4	0	6	0
2016-11	22.2	13.7	6.1	1.1	137.4	0	8	0
2016-12	12.2	9	3.9	1.7	17.8	0	4	0
2017-01	18.9	6	0.7	-10	122.7	200.7	15	4
2017-02	21.1	9.3	1.4	-7.2	63	238.8	6	1
2017-03	21.1	8.2	-0.2	-10	133.3	246.4	12	2
2017-04	30.6	18.3	9.7	2.8	97.5	0	10	0
2017-05	33.3	20.1	12.2	6.7	162.1	0	13	0
2017-06	34.4	26.3	18.1	10.6	120.9	0	12	0
2017-07	34.4	28.7	21	16.7	106.4	0	8	0
2017-08	33.3	27.2	19.5	15.6	84.8	0	10	0
2017-09	32.8	25.4	17.4	12.2	50.8	0	7	0
2017-10	28.3	21.8	13.9	5.6	106.2	0	9	0
2017-11	23.3	12.3	4	-4.4	40.1	0	10	0
2017-12	16.1	4.4	-1.1	-12.8	56.1	195.6	9	4
2018-01	16.1	3.7	-4.1	-15	55.4	284.5	9	4
2018-02	25.6	9.8	1.4	-8.9	148.1	124.5	17	2
2018-03	16.7	8	1.1	-2.8	131.3	294.6	12	3
2018-04	27.8	13.9	5.4	0	146.8	139.7	14	1
2018-05	33.3	24.2	14.6	8.9	89.7	0	13	0
2018-06	33.9	26.5	17.6	10.6	79	0	13	0
2018-07	35.6	29.4	21.3	16.7	189.2	0	14	0
2018-08	34.4	29	22.2	18.3	218.2	0	15	0
2018-09	33.9	24.6	18.4	12.2	157.2	0	12	0
2018-10	26.7	17.5	11	3.3	91.2	0	11	0
2018-11	22.2	9.9	3.9	-9.4	193.5	162.6	15	1
2018-12	16.1	7.5	1.5	-4.4	165.4	0	13	0
2019-01	15	3.9	-3.3	-16.7	90.9	27.9	10	3
2019-02	18.3	5.9	-1.2	-11.7	79.8	66	12	3
2019-03	23.9	9.3	1.5	-7.8	98.3	264	9	4
2019-04	26.7	17.4	8.7	0.6	115.6	0	18	0
2019-05	30	21.1	12.4	6.7	173.2	0	19	0
2019-06	32.8	26.1	17.9	12.2	138.7	0	13	0